2.0-5.0-[[2.0, 9.0, 5.0], [2.0, 16.0, 9.0, 8.0, 5.0], [2.0, 16.0, 9.0, 5.0], [2.0, 9.0, 8.0, 5.0]]-
2.0-5.0-[[2.0, 9.0, 5.0], [2.0, 16.0, 9.0, 8.0, 5.0], [2.0, 16.0, 9.0, 5.0], [2.0, 9.0, 8.0, 5.0]]-
2.0-5.0-[[2.0, 9.0, 5.0], [2.0, 16.0, 9.0, 8.0, 5.0], [2.0, 16.0, 9.0, 5.0], [2.0, 9.0, 8.0, 5.0]]-
2.0-5.0-[[2.0, 9.0, 5.0], [2.0, 16.0, 9.0, 8.0, 5.0], [2.0, 16.0, 9.0, 5.0], [2.0, 9.0, 8.0, 5.0]]-
2.0-8.0-[[2.0, 9.0, 8.0], [2.0, 16.0, 9.0, 8.0], [2.0, 16.0, 9.0, 5.0, 8.0], [2.0, 9.0, 5.0, 8.0]]-
2.0-8.0-[[2.0, 9.0, 8.0], [2.0, 16.0, 9.0, 8.0], [2.0, 16.0, 9.0, 5.0, 8.0], [2.0, 9.0, 5.0, 8.0]]-
2.0-8.0-[[2.0, 9.0, 8.0], [2.0, 16.0, 9.0, 8.0], [2.0, 16.0, 9.0, 5.0, 8.0], [2.0, 9.0, 5.0, 8.0]]-
2.0-8.0-[[2.0, 9.0, 8.0], [2.0, 16.0, 9.0, 8.0], [2.0, 16.0, 9.0, 5.0, 8.0], [2.0, 9.0, 5.0, 8.0]]-
2.0-9.0-[[2.0, 9.0], [2.0, 16.0, 9.0]]-
2.0-9.0-[[2.0, 9.0], [2.0, 16.0, 9.0]]-
2.0-14.0-[[2.0, 9.0, 5.0, 14.0], [2.0, 16.0, 9.0, 8.0, 5.0, 14.0], [2.0, 16.0, 9.0, 5.0, 14.0], [2.0, 9.0, 8.0, 5.0, 14.0]]-
2.0-14.0-[[2.0, 9.0, 5.0, 14.0], [2.0, 16.0, 9.0, 8.0, 5.0, 14.0], [2.0, 16.0, 9.0, 5.0, 14.0], [2.0, 9.0, 8.0, 5.0, 14.0]]-
2.0-14.0-[[2.0, 9.0, 5.0, 14.0], [2.0, 16.0, 9.0, 8.0, 5.0, 14.0], [2.0, 16.0, 9.0, 5.0, 14.0], [2.0, 9.0, 8.0, 5.0, 14.0]]-
2.0-14.0-[[2.0, 9.0, 5.0, 14.0], [2.0, 16.0, 9.0, 8.0, 5.0, 14.0], [2.0, 16.0, 9.0, 5.0, 14.0], [2.0, 9.0, 8.0, 5.0, 14.0]]-
2.0-16.0-[[2.0, 16.0], [2.0, 9.0, 16.0]]-
2.0-16.0-[[2.0, 16.0], [2.0, 9.0, 16.0]]-
5.0-2.0-[[5.0, 9.0, 2.0], [5.0, 9.0, 16.0, 2.0], [5.0, 8.0, 9.0, 16.0, 2.0], [5.0, 8.0, 9.0, 2.0]]-
5.0-2.0-[[5.0, 9.0, 2.0], [5.0, 9.0, 16.0, 2.0], [5.0, 8.0, 9.0, 16.0, 2.0], [5.0, 8.0, 9.0, 2.0]]-
5.0-2.0-[[5.0, 9.0, 2.0], [5.0, 9.0, 16.0, 2.0], [5.0, 8.0, 9.0, 16.0, 2.0], [5.0, 8.0, 9.0, 2.0]]-
5.0-2.0-[[5.0, 9.0, 2.0], [5.0, 9.0, 16.0, 2.0], [5.0, 8.0, 9.0, 16.0, 2.0], [5.0, 8.0, 9.0, 2.0]]-
5.0-8.0-[[5.0, 8.0], [5.0, 9.0, 8.0]]-
5.0-8.0-[[5.0, 8.0], [5.0, 9.0, 8.0]]-
5.0-9.0-[[5.0, 9.0], [5.0, 8.0, 9.0]]-
5.0-9.0-[[5.0, 9.0], [5.0, 8.0, 9.0]]-
5.0-14.0-[[5.0, 14.0]]-
5.0-16.0-[[5.0, 9.0, 16.0], [5.0, 9.0, 2.0, 16.0], [5.0, 8.0, 9.0, 16.0], [5.0, 8.0, 9.0, 2.0, 16.0]]-
5.0-16.0-[[5.0, 9.0, 16.0], [5.0, 9.0, 2.0, 16.0], [5.0, 8.0, 9.0, 16.0], [5.0, 8.0, 9.0, 2.0, 16.0]]-
5.0-16.0-[[5.0, 9.0, 16.0], [5.0, 9.0, 2.0, 16.0], [5.0, 8.0, 9.0, 16.0], [5.0, 8.0, 9.0, 2.0, 16.0]]-
5.0-16.0-[[5.0, 9.0, 16.0], [5.0, 9.0, 2.0, 16.0], [5.0, 8.0, 9.0, 16.0], [5.0, 8.0, 9.0, 2.0, 16.0]]-
8.0-2.0-[[8.0, 9.0, 2.0], [8.0, 9.0, 16.0, 2.0], [8.0, 5.0, 9.0, 16.0, 2.0], [8.0, 5.0, 9.0, 2.0]]-
8.0-2.0-[[8.0, 9.0, 2.0], [8.0, 9.0, 16.0, 2.0], [8.0, 5.0, 9.0, 16.0, 2.0], [8.0, 5.0, 9.0, 2.0]]-
8.0-2.0-[[8.0, 9.0, 2.0], [8.0, 9.0, 16.0, 2.0], [8.0, 5.0, 9.0, 16.0, 2.0], [8.0, 5.0, 9.0, 2.0]]-
8.0-2.0-[[8.0, 9.0, 2.0], [8.0, 9.0, 16.0, 2.0], [8.0, 5.0, 9.0, 16.0, 2.0], [8.0, 5.0, 9.0, 2.0]]-
8.0-5.0-[[8.0, 5.0], [8.0, 9.0, 5.0]]-
8.0-5.0-[[8.0, 5.0], [8.0, 9.0, 5.0]]-
8.0-9.0-[[8.0, 9.0], [8.0, 5.0, 9.0]]-
8.0-9.0-[[8.0, 9.0], [8.0, 5.0, 9.0]]-
8.0-14.0-[[8.0, 5.0, 14.0], [8.0, 9.0, 5.0, 14.0]]-
8.0-14.0-[[8.0, 5.0, 14.0], [8.0, 9.0, 5.0, 14.0]]-
8.0-16.0-[[8.0, 9.0, 16.0], [8.0, 9.0, 2.0, 16.0], [8.0, 5.0, 9.0, 16.0], [8.0, 5.0, 9.0, 2.0, 16.0]]-
8.0-16.0-[[8.0, 9.0, 16.0], [8.0, 9.0, 2.0, 16.0], [8.0, 5.0, 9.0, 16.0], [8.0, 5.0, 9.0, 2.0, 16.0]]-
8.0-16.0-[[8.0, 9.0, 16.0], [8.0, 9.0, 2.0, 16.0], [8.0, 5.0, 9.0, 16.0], [8.0, 5.0, 9.0, 2.0, 16.0]]-
8.0-16.0-[[8.0, 9.0, 16.0], [8.0, 9.0, 2.0, 16.0], [8.0, 5.0, 9.0, 16.0], [8.0, 5.0, 9.0, 2.0, 16.0]]-
9.0-2.0-[[9.0, 2.0], [9.0, 16.0, 2.0]]-
9.0-2.0-[[9.0, 2.0], [9.0, 16.0, 2.0]]-
9.0-5.0-[[9.0, 5.0], [9.0, 8.0, 5.0]]-
9.0-5.0-[[9.0, 5.0], [9.0, 8.0, 5.0]]-
9.0-8.0-[[9.0, 8.0], [9.0, 5.0, 8.0]]-
9.0-8.0-[[9.0, 8.0], [9.0, 5.0, 8.0]]-
9.0-14.0-[[9.0, 5.0, 14.0], [9.0, 8.0, 5.0, 14.0]]-
9.0-14.0-[[9.0, 5.0, 14.0], [9.0, 8.0, 5.0, 14.0]]-
9.0-16.0-[[9.0, 16.0], [9.0, 2.0, 16.0]]-
9.0-16.0-[[9.0, 16.0], [9.0, 2.0, 16.0]]-
14.0-2.0-[[14.0, 5.0, 9.0, 2.0], [14.0, 5.0, 9.0, 16.0, 2.0], [14.0, 5.0, 8.0, 9.0, 16.0, 2.0], [14.0, 5.0, 8.0, 9.0, 2.0]]-
14.0-2.0-[[14.0, 5.0, 9.0, 2.0], [14.0, 5.0, 9.0, 16.0, 2.0], [14.0, 5.0, 8.0, 9.0, 16.0, 2.0], [14.0, 5.0, 8.0, 9.0, 2.0]]-
14.0-2.0-[[14.0, 5.0, 9.0, 2.0], [14.0, 5.0, 9.0, 16.0, 2.0], [14.0, 5.0, 8.0, 9.0, 16.0, 2.0], [14.0, 5.0, 8.0, 9.0, 2.0]]-
14.0-2.0-[[14.0, 5.0, 9.0, 2.0], [14.0, 5.0, 9.0, 16.0, 2.0], [14.0, 5.0, 8.0, 9.0, 16.0, 2.0], [14.0, 5.0, 8.0, 9.0, 2.0]]-
14.0-5.0-[[14.0, 5.0]]-
14.0-8.0-[[14.0, 5.0, 8.0], [14.0, 5.0, 9.0, 8.0]]-
14.0-8.0-[[14.0, 5.0, 8.0], [14.0, 5.0, 9.0, 8.0]]-
14.0-9.0-[[14.0, 5.0, 9.0], [14.0, 5.0, 8.0, 9.0]]-
14.0-9.0-[[14.0, 5.0, 9.0], [14.0, 5.0, 8.0, 9.0]]-
14.0-16.0-[[14.0, 5.0, 9.0, 16.0], [14.0, 5.0, 9.0, 2.0, 16.0], [14.0, 5.0, 8.0, 9.0, 16.0], [14.0, 5.0, 8.0, 9.0, 2.0, 16.0]]-
14.0-16.0-[[14.0, 5.0, 9.0, 16.0], [14.0, 5.0, 9.0, 2.0, 16.0], [14.0, 5.0, 8.0, 9.0, 16.0], [14.0, 5.0, 8.0, 9.0, 2.0, 16.0]]-
14.0-16.0-[[14.0, 5.0, 9.0, 16.0], [14.0, 5.0, 9.0, 2.0, 16.0], [14.0, 5.0, 8.0, 9.0, 16.0], [14.0, 5.0, 8.0, 9.0, 2.0, 16.0]]-
14.0-16.0-[[14.0, 5.0, 9.0, 16.0], [14.0, 5.0, 9.0, 2.0, 16.0], [14.0, 5.0, 8.0, 9.0, 16.0], [14.0, 5.0, 8.0, 9.0, 2.0, 16.0]]-
16.0-2.0-[[16.0, 2.0], [16.0, 9.0, 2.0]]-
16.0-2.0-[[16.0, 2.0], [16.0, 9.0, 2.0]]-
16.0-5.0-[[16.0, 9.0, 5.0], [16.0, 9.0, 8.0, 5.0], [16.0, 2.0, 9.0, 8.0, 5.0], [16.0, 2.0, 9.0, 5.0]]-
16.0-5.0-[[16.0, 9.0, 5.0], [16.0, 9.0, 8.0, 5.0], [16.0, 2.0, 9.0, 8.0, 5.0], [16.0, 2.0, 9.0, 5.0]]-
16.0-5.0-[[16.0, 9.0, 5.0], [16.0, 9.0, 8.0, 5.0], [16.0, 2.0, 9.0, 8.0, 5.0], [16.0, 2.0, 9.0, 5.0]]-
16.0-5.0-[[16.0, 9.0, 5.0], [16.0, 9.0, 8.0, 5.0], [16.0, 2.0, 9.0, 8.0, 5.0], [16.0, 2.0, 9.0, 5.0]]-
16.0-8.0-[[16.0, 9.0, 8.0], [16.0, 9.0, 5.0, 8.0], [16.0, 2.0, 9.0, 8.0], [16.0, 2.0, 9.0, 5.0, 8.0]]-
16.0-8.0-[[16.0, 9.0, 8.0], [16.0, 9.0, 5.0, 8.0], [16.0, 2.0, 9.0, 8.0], [16.0, 2.0, 9.0, 5.0, 8.0]]-
16.0-8.0-[[16.0, 9.0, 8.0], [16.0, 9.0, 5.0, 8.0], [16.0, 2.0, 9.0, 8.0], [16.0, 2.0, 9.0, 5.0, 8.0]]-
16.0-8.0-[[16.0, 9.0, 8.0], [16.0, 9.0, 5.0, 8.0], [16.0, 2.0, 9.0, 8.0], [16.0, 2.0, 9.0, 5.0, 8.0]]-
16.0-9.0-[[16.0, 9.0], [16.0, 2.0, 9.0]]-
16.0-9.0-[[16.0, 9.0], [16.0, 2.0, 9.0]]-
16.0-14.0-[[16.0, 9.0, 5.0, 14.0], [16.0, 9.0, 8.0, 5.0, 14.0], [16.0, 2.0, 9.0, 8.0, 5.0, 14.0], [16.0, 2.0, 9.0, 5.0, 14.0]]-
16.0-14.0-[[16.0, 9.0, 5.0, 14.0], [16.0, 9.0, 8.0, 5.0, 14.0], [16.0, 2.0, 9.0, 8.0, 5.0, 14.0], [16.0, 2.0, 9.0, 5.0, 14.0]]-
16.0-14.0-[[16.0, 9.0, 5.0, 14.0], [16.0, 9.0, 8.0, 5.0, 14.0], [16.0, 2.0, 9.0, 8.0, 5.0, 14.0], [16.0, 2.0, 9.0, 5.0, 14.0]]-
16.0-14.0-[[16.0, 9.0, 5.0, 14.0], [16.0, 9.0, 8.0, 5.0, 14.0], [16.0, 2.0, 9.0, 8.0, 5.0, 14.0], [16.0, 2.0, 9.0, 5.0, 14.0]]-
