10.0-11.0-[[10.0, 11.0], [10.0, 13.0, 22.0, 24.0, 12.0, 11.0], [10.0, 13.0, 17.0, 22.0, 24.0, 12.0, 11.0], [10.0, 13.0, 17.0, 21.0, 22.0, 24.0, 12.0, 11.0], [10.0, 13.0, 17.0, 15.0, 21.0, 22.0, 24.0, 12.0, 11.0]]-
10.0-11.0-[[10.0, 11.0], [10.0, 13.0, 22.0, 24.0, 12.0, 11.0], [10.0, 13.0, 17.0, 22.0, 24.0, 12.0, 11.0], [10.0, 13.0, 17.0, 21.0, 22.0, 24.0, 12.0, 11.0], [10.0, 13.0, 17.0, 15.0, 21.0, 22.0, 24.0, 12.0, 11.0]]-
10.0-11.0-[[10.0, 11.0], [10.0, 13.0, 22.0, 24.0, 12.0, 11.0], [10.0, 13.0, 17.0, 22.0, 24.0, 12.0, 11.0], [10.0, 13.0, 17.0, 21.0, 22.0, 24.0, 12.0, 11.0], [10.0, 13.0, 17.0, 15.0, 21.0, 22.0, 24.0, 12.0, 11.0]]-
10.0-11.0-[[10.0, 11.0], [10.0, 13.0, 22.0, 24.0, 12.0, 11.0], [10.0, 13.0, 17.0, 22.0, 24.0, 12.0, 11.0], [10.0, 13.0, 17.0, 21.0, 22.0, 24.0, 12.0, 11.0], [10.0, 13.0, 17.0, 15.0, 21.0, 22.0, 24.0, 12.0, 11.0]]-
10.0-11.0-[[10.0, 11.0], [10.0, 13.0, 22.0, 24.0, 12.0, 11.0], [10.0, 13.0, 17.0, 22.0, 24.0, 12.0, 11.0], [10.0, 13.0, 17.0, 21.0, 22.0, 24.0, 12.0, 11.0], [10.0, 13.0, 17.0, 15.0, 21.0, 22.0, 24.0, 12.0, 11.0]]-
10.0-12.0-[[10.0, 11.0, 12.0], [10.0, 13.0, 12.0], [10.0, 13.0, 22.0, 24.0, 12.0], [10.0, 13.0, 17.0, 22.0, 24.0, 12.0], [10.0, 13.0, 17.0, 21.0, 22.0, 24.0, 12.0]]-
10.0-12.0-[[10.0, 11.0, 12.0], [10.0, 13.0, 12.0], [10.0, 13.0, 22.0, 24.0, 12.0], [10.0, 13.0, 17.0, 22.0, 24.0, 12.0], [10.0, 13.0, 17.0, 21.0, 22.0, 24.0, 12.0]]-
10.0-12.0-[[10.0, 11.0, 12.0], [10.0, 13.0, 12.0], [10.0, 13.0, 22.0, 24.0, 12.0], [10.0, 13.0, 17.0, 22.0, 24.0, 12.0], [10.0, 13.0, 17.0, 21.0, 22.0, 24.0, 12.0]]-
10.0-12.0-[[10.0, 11.0, 12.0], [10.0, 13.0, 12.0], [10.0, 13.0, 22.0, 24.0, 12.0], [10.0, 13.0, 17.0, 22.0, 24.0, 12.0], [10.0, 13.0, 17.0, 21.0, 22.0, 24.0, 12.0]]-
10.0-12.0-[[10.0, 11.0, 12.0], [10.0, 13.0, 12.0], [10.0, 13.0, 22.0, 24.0, 12.0], [10.0, 13.0, 17.0, 22.0, 24.0, 12.0], [10.0, 13.0, 17.0, 21.0, 22.0, 24.0, 12.0]]-
10.0-13.0-[[10.0, 13.0], [10.0, 11.0, 13.0], [10.0, 11.0, 12.0, 13.0], [10.0, 11.0, 12.0, 24.0, 22.0, 21.0, 17.0, 15.0, 13.0], [10.0, 11.0, 12.0, 24.0, 22.0, 21.0, 17.0, 13.0]]-
10.0-13.0-[[10.0, 13.0], [10.0, 11.0, 13.0], [10.0, 11.0, 12.0, 13.0], [10.0, 11.0, 12.0, 24.0, 22.0, 21.0, 17.0, 15.0, 13.0], [10.0, 11.0, 12.0, 24.0, 22.0, 21.0, 17.0, 13.0]]-
10.0-13.0-[[10.0, 13.0], [10.0, 11.0, 13.0], [10.0, 11.0, 12.0, 13.0], [10.0, 11.0, 12.0, 24.0, 22.0, 21.0, 17.0, 15.0, 13.0], [10.0, 11.0, 12.0, 24.0, 22.0, 21.0, 17.0, 13.0]]-
10.0-13.0-[[10.0, 13.0], [10.0, 11.0, 13.0], [10.0, 11.0, 12.0, 13.0], [10.0, 11.0, 12.0, 24.0, 22.0, 21.0, 17.0, 15.0, 13.0], [10.0, 11.0, 12.0, 24.0, 22.0, 21.0, 17.0, 13.0]]-
10.0-13.0-[[10.0, 13.0], [10.0, 11.0, 13.0], [10.0, 11.0, 12.0, 13.0], [10.0, 11.0, 12.0, 24.0, 22.0, 21.0, 17.0, 15.0, 13.0], [10.0, 11.0, 12.0, 24.0, 22.0, 21.0, 17.0, 13.0]]-
10.0-15.0-[[10.0, 13.0, 15.0], [10.0, 13.0, 22.0, 21.0, 17.0, 15.0], [10.0, 13.0, 22.0, 21.0, 15.0], [10.0, 13.0, 22.0, 17.0, 21.0, 15.0], [10.0, 13.0, 22.0, 17.0, 15.0]]-
10.0-15.0-[[10.0, 13.0, 15.0], [10.0, 13.0, 22.0, 21.0, 17.0, 15.0], [10.0, 13.0, 22.0, 21.0, 15.0], [10.0, 13.0, 22.0, 17.0, 21.0, 15.0], [10.0, 13.0, 22.0, 17.0, 15.0]]-
10.0-15.0-[[10.0, 13.0, 15.0], [10.0, 13.0, 22.0, 21.0, 17.0, 15.0], [10.0, 13.0, 22.0, 21.0, 15.0], [10.0, 13.0, 22.0, 17.0, 21.0, 15.0], [10.0, 13.0, 22.0, 17.0, 15.0]]-
10.0-15.0-[[10.0, 13.0, 15.0], [10.0, 13.0, 22.0, 21.0, 17.0, 15.0], [10.0, 13.0, 22.0, 21.0, 15.0], [10.0, 13.0, 22.0, 17.0, 21.0, 15.0], [10.0, 13.0, 22.0, 17.0, 15.0]]-
10.0-15.0-[[10.0, 13.0, 15.0], [10.0, 13.0, 22.0, 21.0, 17.0, 15.0], [10.0, 13.0, 22.0, 21.0, 15.0], [10.0, 13.0, 22.0, 17.0, 21.0, 15.0], [10.0, 13.0, 22.0, 17.0, 15.0]]-
10.0-17.0-[[10.0, 13.0, 17.0], [10.0, 13.0, 22.0, 21.0, 17.0], [10.0, 13.0, 22.0, 21.0, 15.0, 17.0], [10.0, 13.0, 22.0, 17.0], [10.0, 13.0, 15.0, 21.0, 22.0, 17.0]]-
10.0-17.0-[[10.0, 13.0, 17.0], [10.0, 13.0, 22.0, 21.0, 17.0], [10.0, 13.0, 22.0, 21.0, 15.0, 17.0], [10.0, 13.0, 22.0, 17.0], [10.0, 13.0, 15.0, 21.0, 22.0, 17.0]]-
10.0-17.0-[[10.0, 13.0, 17.0], [10.0, 13.0, 22.0, 21.0, 17.0], [10.0, 13.0, 22.0, 21.0, 15.0, 17.0], [10.0, 13.0, 22.0, 17.0], [10.0, 13.0, 15.0, 21.0, 22.0, 17.0]]-
10.0-17.0-[[10.0, 13.0, 17.0], [10.0, 13.0, 22.0, 21.0, 17.0], [10.0, 13.0, 22.0, 21.0, 15.0, 17.0], [10.0, 13.0, 22.0, 17.0], [10.0, 13.0, 15.0, 21.0, 22.0, 17.0]]-
10.0-17.0-[[10.0, 13.0, 17.0], [10.0, 13.0, 22.0, 21.0, 17.0], [10.0, 13.0, 22.0, 21.0, 15.0, 17.0], [10.0, 13.0, 22.0, 17.0], [10.0, 13.0, 15.0, 21.0, 22.0, 17.0]]-
10.0-21.0-[[10.0, 13.0, 22.0, 21.0], [10.0, 13.0, 17.0, 21.0], [10.0, 13.0, 15.0, 21.0], [10.0, 13.0, 22.0, 17.0, 21.0], [10.0, 13.0, 22.0, 17.0, 15.0, 21.0]]-
10.0-21.0-[[10.0, 13.0, 22.0, 21.0], [10.0, 13.0, 17.0, 21.0], [10.0, 13.0, 15.0, 21.0], [10.0, 13.0, 22.0, 17.0, 21.0], [10.0, 13.0, 22.0, 17.0, 15.0, 21.0]]-
10.0-21.0-[[10.0, 13.0, 22.0, 21.0], [10.0, 13.0, 17.0, 21.0], [10.0, 13.0, 15.0, 21.0], [10.0, 13.0, 22.0, 17.0, 21.0], [10.0, 13.0, 22.0, 17.0, 15.0, 21.0]]-
10.0-21.0-[[10.0, 13.0, 22.0, 21.0], [10.0, 13.0, 17.0, 21.0], [10.0, 13.0, 15.0, 21.0], [10.0, 13.0, 22.0, 17.0, 21.0], [10.0, 13.0, 22.0, 17.0, 15.0, 21.0]]-
10.0-21.0-[[10.0, 13.0, 22.0, 21.0], [10.0, 13.0, 17.0, 21.0], [10.0, 13.0, 15.0, 21.0], [10.0, 13.0, 22.0, 17.0, 21.0], [10.0, 13.0, 22.0, 17.0, 15.0, 21.0]]-
10.0-22.0-[[10.0, 13.0, 22.0], [10.0, 13.0, 17.0, 22.0], [10.0, 13.0, 17.0, 21.0, 22.0], [10.0, 13.0, 17.0, 15.0, 21.0, 22.0], [10.0, 13.0, 15.0, 21.0, 22.0]]-
10.0-22.0-[[10.0, 13.0, 22.0], [10.0, 13.0, 17.0, 22.0], [10.0, 13.0, 17.0, 21.0, 22.0], [10.0, 13.0, 17.0, 15.0, 21.0, 22.0], [10.0, 13.0, 15.0, 21.0, 22.0]]-
10.0-22.0-[[10.0, 13.0, 22.0], [10.0, 13.0, 17.0, 22.0], [10.0, 13.0, 17.0, 21.0, 22.0], [10.0, 13.0, 17.0, 15.0, 21.0, 22.0], [10.0, 13.0, 15.0, 21.0, 22.0]]-
10.0-22.0-[[10.0, 13.0, 22.0], [10.0, 13.0, 17.0, 22.0], [10.0, 13.0, 17.0, 21.0, 22.0], [10.0, 13.0, 17.0, 15.0, 21.0, 22.0], [10.0, 13.0, 15.0, 21.0, 22.0]]-
10.0-22.0-[[10.0, 13.0, 22.0], [10.0, 13.0, 17.0, 22.0], [10.0, 13.0, 17.0, 21.0, 22.0], [10.0, 13.0, 17.0, 15.0, 21.0, 22.0], [10.0, 13.0, 15.0, 21.0, 22.0]]-
10.0-24.0-[[10.0, 11.0, 12.0, 24.0], [10.0, 13.0, 12.0, 24.0], [10.0, 13.0, 22.0, 24.0], [10.0, 13.0, 17.0, 22.0, 24.0], [10.0, 13.0, 17.0, 21.0, 22.0, 24.0]]-
10.0-24.0-[[10.0, 11.0, 12.0, 24.0], [10.0, 13.0, 12.0, 24.0], [10.0, 13.0, 22.0, 24.0], [10.0, 13.0, 17.0, 22.0, 24.0], [10.0, 13.0, 17.0, 21.0, 22.0, 24.0]]-
10.0-24.0-[[10.0, 11.0, 12.0, 24.0], [10.0, 13.0, 12.0, 24.0], [10.0, 13.0, 22.0, 24.0], [10.0, 13.0, 17.0, 22.0, 24.0], [10.0, 13.0, 17.0, 21.0, 22.0, 24.0]]-
10.0-24.0-[[10.0, 11.0, 12.0, 24.0], [10.0, 13.0, 12.0, 24.0], [10.0, 13.0, 22.0, 24.0], [10.0, 13.0, 17.0, 22.0, 24.0], [10.0, 13.0, 17.0, 21.0, 22.0, 24.0]]-
10.0-24.0-[[10.0, 11.0, 12.0, 24.0], [10.0, 13.0, 12.0, 24.0], [10.0, 13.0, 22.0, 24.0], [10.0, 13.0, 17.0, 22.0, 24.0], [10.0, 13.0, 17.0, 21.0, 22.0, 24.0]]-
11.0-10.0-[[11.0, 10.0], [11.0, 13.0, 10.0], [11.0, 12.0, 13.0, 10.0], [11.0, 12.0, 24.0, 22.0, 21.0, 17.0, 15.0, 13.0, 10.0], [11.0, 12.0, 24.0, 22.0, 21.0, 17.0, 13.0, 10.0]]-
11.0-10.0-[[11.0, 10.0], [11.0, 13.0, 10.0], [11.0, 12.0, 13.0, 10.0], [11.0, 12.0, 24.0, 22.0, 21.0, 17.0, 15.0, 13.0, 10.0], [11.0, 12.0, 24.0, 22.0, 21.0, 17.0, 13.0, 10.0]]-
11.0-10.0-[[11.0, 10.0], [11.0, 13.0, 10.0], [11.0, 12.0, 13.0, 10.0], [11.0, 12.0, 24.0, 22.0, 21.0, 17.0, 15.0, 13.0, 10.0], [11.0, 12.0, 24.0, 22.0, 21.0, 17.0, 13.0, 10.0]]-
11.0-10.0-[[11.0, 10.0], [11.0, 13.0, 10.0], [11.0, 12.0, 13.0, 10.0], [11.0, 12.0, 24.0, 22.0, 21.0, 17.0, 15.0, 13.0, 10.0], [11.0, 12.0, 24.0, 22.0, 21.0, 17.0, 13.0, 10.0]]-
11.0-10.0-[[11.0, 10.0], [11.0, 13.0, 10.0], [11.0, 12.0, 13.0, 10.0], [11.0, 12.0, 24.0, 22.0, 21.0, 17.0, 15.0, 13.0, 10.0], [11.0, 12.0, 24.0, 22.0, 21.0, 17.0, 13.0, 10.0]]-
11.0-12.0-[[11.0, 12.0], [11.0, 13.0, 22.0, 24.0, 12.0], [11.0, 13.0, 17.0, 22.0, 24.0, 12.0], [11.0, 13.0, 17.0, 21.0, 22.0, 24.0, 12.0], [11.0, 13.0, 17.0, 15.0, 21.0, 22.0, 24.0, 12.0]]-
11.0-12.0-[[11.0, 12.0], [11.0, 13.0, 22.0, 24.0, 12.0], [11.0, 13.0, 17.0, 22.0, 24.0, 12.0], [11.0, 13.0, 17.0, 21.0, 22.0, 24.0, 12.0], [11.0, 13.0, 17.0, 15.0, 21.0, 22.0, 24.0, 12.0]]-
11.0-12.0-[[11.0, 12.0], [11.0, 13.0, 22.0, 24.0, 12.0], [11.0, 13.0, 17.0, 22.0, 24.0, 12.0], [11.0, 13.0, 17.0, 21.0, 22.0, 24.0, 12.0], [11.0, 13.0, 17.0, 15.0, 21.0, 22.0, 24.0, 12.0]]-
11.0-12.0-[[11.0, 12.0], [11.0, 13.0, 22.0, 24.0, 12.0], [11.0, 13.0, 17.0, 22.0, 24.0, 12.0], [11.0, 13.0, 17.0, 21.0, 22.0, 24.0, 12.0], [11.0, 13.0, 17.0, 15.0, 21.0, 22.0, 24.0, 12.0]]-
11.0-12.0-[[11.0, 12.0], [11.0, 13.0, 22.0, 24.0, 12.0], [11.0, 13.0, 17.0, 22.0, 24.0, 12.0], [11.0, 13.0, 17.0, 21.0, 22.0, 24.0, 12.0], [11.0, 13.0, 17.0, 15.0, 21.0, 22.0, 24.0, 12.0]]-
11.0-13.0-[[11.0, 13.0], [11.0, 12.0, 13.0], [11.0, 12.0, 24.0, 22.0, 21.0, 17.0, 15.0, 13.0], [11.0, 12.0, 24.0, 22.0, 21.0, 17.0, 13.0], [11.0, 12.0, 24.0, 22.0, 21.0, 15.0, 17.0, 13.0]]-
11.0-13.0-[[11.0, 13.0], [11.0, 12.0, 13.0], [11.0, 12.0, 24.0, 22.0, 21.0, 17.0, 15.0, 13.0], [11.0, 12.0, 24.0, 22.0, 21.0, 17.0, 13.0], [11.0, 12.0, 24.0, 22.0, 21.0, 15.0, 17.0, 13.0]]-
11.0-13.0-[[11.0, 13.0], [11.0, 12.0, 13.0], [11.0, 12.0, 24.0, 22.0, 21.0, 17.0, 15.0, 13.0], [11.0, 12.0, 24.0, 22.0, 21.0, 17.0, 13.0], [11.0, 12.0, 24.0, 22.0, 21.0, 15.0, 17.0, 13.0]]-
11.0-13.0-[[11.0, 13.0], [11.0, 12.0, 13.0], [11.0, 12.0, 24.0, 22.0, 21.0, 17.0, 15.0, 13.0], [11.0, 12.0, 24.0, 22.0, 21.0, 17.0, 13.0], [11.0, 12.0, 24.0, 22.0, 21.0, 15.0, 17.0, 13.0]]-
11.0-13.0-[[11.0, 13.0], [11.0, 12.0, 13.0], [11.0, 12.0, 24.0, 22.0, 21.0, 17.0, 15.0, 13.0], [11.0, 12.0, 24.0, 22.0, 21.0, 17.0, 13.0], [11.0, 12.0, 24.0, 22.0, 21.0, 15.0, 17.0, 13.0]]-
11.0-15.0-[[11.0, 13.0, 15.0], [11.0, 13.0, 22.0, 21.0, 17.0, 15.0], [11.0, 13.0, 22.0, 21.0, 15.0], [11.0, 13.0, 22.0, 17.0, 21.0, 15.0], [11.0, 13.0, 22.0, 17.0, 15.0]]-
11.0-15.0-[[11.0, 13.0, 15.0], [11.0, 13.0, 22.0, 21.0, 17.0, 15.0], [11.0, 13.0, 22.0, 21.0, 15.0], [11.0, 13.0, 22.0, 17.0, 21.0, 15.0], [11.0, 13.0, 22.0, 17.0, 15.0]]-
11.0-15.0-[[11.0, 13.0, 15.0], [11.0, 13.0, 22.0, 21.0, 17.0, 15.0], [11.0, 13.0, 22.0, 21.0, 15.0], [11.0, 13.0, 22.0, 17.0, 21.0, 15.0], [11.0, 13.0, 22.0, 17.0, 15.0]]-
11.0-15.0-[[11.0, 13.0, 15.0], [11.0, 13.0, 22.0, 21.0, 17.0, 15.0], [11.0, 13.0, 22.0, 21.0, 15.0], [11.0, 13.0, 22.0, 17.0, 21.0, 15.0], [11.0, 13.0, 22.0, 17.0, 15.0]]-
11.0-15.0-[[11.0, 13.0, 15.0], [11.0, 13.0, 22.0, 21.0, 17.0, 15.0], [11.0, 13.0, 22.0, 21.0, 15.0], [11.0, 13.0, 22.0, 17.0, 21.0, 15.0], [11.0, 13.0, 22.0, 17.0, 15.0]]-
11.0-17.0-[[11.0, 13.0, 17.0], [11.0, 13.0, 22.0, 21.0, 17.0], [11.0, 13.0, 22.0, 21.0, 15.0, 17.0], [11.0, 13.0, 22.0, 17.0], [11.0, 13.0, 15.0, 21.0, 22.0, 17.0]]-
11.0-17.0-[[11.0, 13.0, 17.0], [11.0, 13.0, 22.0, 21.0, 17.0], [11.0, 13.0, 22.0, 21.0, 15.0, 17.0], [11.0, 13.0, 22.0, 17.0], [11.0, 13.0, 15.0, 21.0, 22.0, 17.0]]-
11.0-17.0-[[11.0, 13.0, 17.0], [11.0, 13.0, 22.0, 21.0, 17.0], [11.0, 13.0, 22.0, 21.0, 15.0, 17.0], [11.0, 13.0, 22.0, 17.0], [11.0, 13.0, 15.0, 21.0, 22.0, 17.0]]-
11.0-17.0-[[11.0, 13.0, 17.0], [11.0, 13.0, 22.0, 21.0, 17.0], [11.0, 13.0, 22.0, 21.0, 15.0, 17.0], [11.0, 13.0, 22.0, 17.0], [11.0, 13.0, 15.0, 21.0, 22.0, 17.0]]-
11.0-17.0-[[11.0, 13.0, 17.0], [11.0, 13.0, 22.0, 21.0, 17.0], [11.0, 13.0, 22.0, 21.0, 15.0, 17.0], [11.0, 13.0, 22.0, 17.0], [11.0, 13.0, 15.0, 21.0, 22.0, 17.0]]-
11.0-21.0-[[11.0, 13.0, 15.0, 21.0], [11.0, 13.0, 17.0, 21.0], [11.0, 13.0, 22.0, 21.0], [11.0, 13.0, 22.0, 17.0, 21.0], [11.0, 13.0, 22.0, 17.0, 15.0, 21.0]]-
11.0-21.0-[[11.0, 13.0, 15.0, 21.0], [11.0, 13.0, 17.0, 21.0], [11.0, 13.0, 22.0, 21.0], [11.0, 13.0, 22.0, 17.0, 21.0], [11.0, 13.0, 22.0, 17.0, 15.0, 21.0]]-
11.0-21.0-[[11.0, 13.0, 15.0, 21.0], [11.0, 13.0, 17.0, 21.0], [11.0, 13.0, 22.0, 21.0], [11.0, 13.0, 22.0, 17.0, 21.0], [11.0, 13.0, 22.0, 17.0, 15.0, 21.0]]-
11.0-21.0-[[11.0, 13.0, 15.0, 21.0], [11.0, 13.0, 17.0, 21.0], [11.0, 13.0, 22.0, 21.0], [11.0, 13.0, 22.0, 17.0, 21.0], [11.0, 13.0, 22.0, 17.0, 15.0, 21.0]]-
11.0-21.0-[[11.0, 13.0, 15.0, 21.0], [11.0, 13.0, 17.0, 21.0], [11.0, 13.0, 22.0, 21.0], [11.0, 13.0, 22.0, 17.0, 21.0], [11.0, 13.0, 22.0, 17.0, 15.0, 21.0]]-
11.0-22.0-[[11.0, 13.0, 22.0], [11.0, 13.0, 17.0, 22.0], [11.0, 13.0, 17.0, 21.0, 22.0], [11.0, 13.0, 17.0, 15.0, 21.0, 22.0], [11.0, 13.0, 15.0, 21.0, 22.0]]-
11.0-22.0-[[11.0, 13.0, 22.0], [11.0, 13.0, 17.0, 22.0], [11.0, 13.0, 17.0, 21.0, 22.0], [11.0, 13.0, 17.0, 15.0, 21.0, 22.0], [11.0, 13.0, 15.0, 21.0, 22.0]]-
11.0-22.0-[[11.0, 13.0, 22.0], [11.0, 13.0, 17.0, 22.0], [11.0, 13.0, 17.0, 21.0, 22.0], [11.0, 13.0, 17.0, 15.0, 21.0, 22.0], [11.0, 13.0, 15.0, 21.0, 22.0]]-
11.0-22.0-[[11.0, 13.0, 22.0], [11.0, 13.0, 17.0, 22.0], [11.0, 13.0, 17.0, 21.0, 22.0], [11.0, 13.0, 17.0, 15.0, 21.0, 22.0], [11.0, 13.0, 15.0, 21.0, 22.0]]-
11.0-22.0-[[11.0, 13.0, 22.0], [11.0, 13.0, 17.0, 22.0], [11.0, 13.0, 17.0, 21.0, 22.0], [11.0, 13.0, 17.0, 15.0, 21.0, 22.0], [11.0, 13.0, 15.0, 21.0, 22.0]]-
11.0-24.0-[[11.0, 12.0, 24.0], [11.0, 13.0, 22.0, 24.0], [11.0, 13.0, 17.0, 22.0, 24.0], [11.0, 13.0, 17.0, 21.0, 22.0, 24.0], [11.0, 13.0, 17.0, 15.0, 21.0, 22.0, 24.0]]-
11.0-24.0-[[11.0, 12.0, 24.0], [11.0, 13.0, 22.0, 24.0], [11.0, 13.0, 17.0, 22.0, 24.0], [11.0, 13.0, 17.0, 21.0, 22.0, 24.0], [11.0, 13.0, 17.0, 15.0, 21.0, 22.0, 24.0]]-
11.0-24.0-[[11.0, 12.0, 24.0], [11.0, 13.0, 22.0, 24.0], [11.0, 13.0, 17.0, 22.0, 24.0], [11.0, 13.0, 17.0, 21.0, 22.0, 24.0], [11.0, 13.0, 17.0, 15.0, 21.0, 22.0, 24.0]]-
11.0-24.0-[[11.0, 12.0, 24.0], [11.0, 13.0, 22.0, 24.0], [11.0, 13.0, 17.0, 22.0, 24.0], [11.0, 13.0, 17.0, 21.0, 22.0, 24.0], [11.0, 13.0, 17.0, 15.0, 21.0, 22.0, 24.0]]-
11.0-24.0-[[11.0, 12.0, 24.0], [11.0, 13.0, 22.0, 24.0], [11.0, 13.0, 17.0, 22.0, 24.0], [11.0, 13.0, 17.0, 21.0, 22.0, 24.0], [11.0, 13.0, 17.0, 15.0, 21.0, 22.0, 24.0]]-
12.0-10.0-[[12.0, 11.0, 10.0], [12.0, 13.0, 10.0], [12.0, 13.0, 11.0, 10.0], [12.0, 11.0, 13.0, 10.0], [12.0, 24.0, 22.0, 21.0, 17.0, 15.0, 13.0, 11.0, 10.0]]-
12.0-10.0-[[12.0, 11.0, 10.0], [12.0, 13.0, 10.0], [12.0, 13.0, 11.0, 10.0], [12.0, 11.0, 13.0, 10.0], [12.0, 24.0, 22.0, 21.0, 17.0, 15.0, 13.0, 11.0, 10.0]]-
12.0-10.0-[[12.0, 11.0, 10.0], [12.0, 13.0, 10.0], [12.0, 13.0, 11.0, 10.0], [12.0, 11.0, 13.0, 10.0], [12.0, 24.0, 22.0, 21.0, 17.0, 15.0, 13.0, 11.0, 10.0]]-
12.0-10.0-[[12.0, 11.0, 10.0], [12.0, 13.0, 10.0], [12.0, 13.0, 11.0, 10.0], [12.0, 11.0, 13.0, 10.0], [12.0, 24.0, 22.0, 21.0, 17.0, 15.0, 13.0, 11.0, 10.0]]-
12.0-10.0-[[12.0, 11.0, 10.0], [12.0, 13.0, 10.0], [12.0, 13.0, 11.0, 10.0], [12.0, 11.0, 13.0, 10.0], [12.0, 24.0, 22.0, 21.0, 17.0, 15.0, 13.0, 11.0, 10.0]]-
12.0-11.0-[[12.0, 11.0], [12.0, 13.0, 11.0], [12.0, 13.0, 10.0, 11.0], [12.0, 24.0, 22.0, 21.0, 17.0, 15.0, 13.0, 11.0], [12.0, 24.0, 22.0, 21.0, 17.0, 15.0, 13.0, 10.0, 11.0]]-
12.0-11.0-[[12.0, 11.0], [12.0, 13.0, 11.0], [12.0, 13.0, 10.0, 11.0], [12.0, 24.0, 22.0, 21.0, 17.0, 15.0, 13.0, 11.0], [12.0, 24.0, 22.0, 21.0, 17.0, 15.0, 13.0, 10.0, 11.0]]-
12.0-11.0-[[12.0, 11.0], [12.0, 13.0, 11.0], [12.0, 13.0, 10.0, 11.0], [12.0, 24.0, 22.0, 21.0, 17.0, 15.0, 13.0, 11.0], [12.0, 24.0, 22.0, 21.0, 17.0, 15.0, 13.0, 10.0, 11.0]]-
12.0-11.0-[[12.0, 11.0], [12.0, 13.0, 11.0], [12.0, 13.0, 10.0, 11.0], [12.0, 24.0, 22.0, 21.0, 17.0, 15.0, 13.0, 11.0], [12.0, 24.0, 22.0, 21.0, 17.0, 15.0, 13.0, 10.0, 11.0]]-
12.0-11.0-[[12.0, 11.0], [12.0, 13.0, 11.0], [12.0, 13.0, 10.0, 11.0], [12.0, 24.0, 22.0, 21.0, 17.0, 15.0, 13.0, 11.0], [12.0, 24.0, 22.0, 21.0, 17.0, 15.0, 13.0, 10.0, 11.0]]-
12.0-13.0-[[12.0, 13.0], [12.0, 11.0, 13.0], [12.0, 11.0, 10.0, 13.0], [12.0, 24.0, 22.0, 21.0, 17.0, 15.0, 13.0], [12.0, 24.0, 22.0, 21.0, 17.0, 13.0]]-
12.0-13.0-[[12.0, 13.0], [12.0, 11.0, 13.0], [12.0, 11.0, 10.0, 13.0], [12.0, 24.0, 22.0, 21.0, 17.0, 15.0, 13.0], [12.0, 24.0, 22.0, 21.0, 17.0, 13.0]]-
12.0-13.0-[[12.0, 13.0], [12.0, 11.0, 13.0], [12.0, 11.0, 10.0, 13.0], [12.0, 24.0, 22.0, 21.0, 17.0, 15.0, 13.0], [12.0, 24.0, 22.0, 21.0, 17.0, 13.0]]-
12.0-13.0-[[12.0, 13.0], [12.0, 11.0, 13.0], [12.0, 11.0, 10.0, 13.0], [12.0, 24.0, 22.0, 21.0, 17.0, 15.0, 13.0], [12.0, 24.0, 22.0, 21.0, 17.0, 13.0]]-
12.0-13.0-[[12.0, 13.0], [12.0, 11.0, 13.0], [12.0, 11.0, 10.0, 13.0], [12.0, 24.0, 22.0, 21.0, 17.0, 15.0, 13.0], [12.0, 24.0, 22.0, 21.0, 17.0, 13.0]]-
12.0-15.0-[[12.0, 13.0, 15.0], [12.0, 13.0, 22.0, 21.0, 17.0, 15.0], [12.0, 13.0, 22.0, 21.0, 15.0], [12.0, 13.0, 22.0, 17.0, 21.0, 15.0], [12.0, 13.0, 22.0, 17.0, 15.0]]-
12.0-15.0-[[12.0, 13.0, 15.0], [12.0, 13.0, 22.0, 21.0, 17.0, 15.0], [12.0, 13.0, 22.0, 21.0, 15.0], [12.0, 13.0, 22.0, 17.0, 21.0, 15.0], [12.0, 13.0, 22.0, 17.0, 15.0]]-
12.0-15.0-[[12.0, 13.0, 15.0], [12.0, 13.0, 22.0, 21.0, 17.0, 15.0], [12.0, 13.0, 22.0, 21.0, 15.0], [12.0, 13.0, 22.0, 17.0, 21.0, 15.0], [12.0, 13.0, 22.0, 17.0, 15.0]]-
12.0-15.0-[[12.0, 13.0, 15.0], [12.0, 13.0, 22.0, 21.0, 17.0, 15.0], [12.0, 13.0, 22.0, 21.0, 15.0], [12.0, 13.0, 22.0, 17.0, 21.0, 15.0], [12.0, 13.0, 22.0, 17.0, 15.0]]-
12.0-15.0-[[12.0, 13.0, 15.0], [12.0, 13.0, 22.0, 21.0, 17.0, 15.0], [12.0, 13.0, 22.0, 21.0, 15.0], [12.0, 13.0, 22.0, 17.0, 21.0, 15.0], [12.0, 13.0, 22.0, 17.0, 15.0]]-
12.0-17.0-[[12.0, 13.0, 17.0], [12.0, 13.0, 22.0, 21.0, 17.0], [12.0, 13.0, 22.0, 21.0, 15.0, 17.0], [12.0, 13.0, 22.0, 17.0], [12.0, 13.0, 15.0, 21.0, 22.0, 17.0]]-
12.0-17.0-[[12.0, 13.0, 17.0], [12.0, 13.0, 22.0, 21.0, 17.0], [12.0, 13.0, 22.0, 21.0, 15.0, 17.0], [12.0, 13.0, 22.0, 17.0], [12.0, 13.0, 15.0, 21.0, 22.0, 17.0]]-
12.0-17.0-[[12.0, 13.0, 17.0], [12.0, 13.0, 22.0, 21.0, 17.0], [12.0, 13.0, 22.0, 21.0, 15.0, 17.0], [12.0, 13.0, 22.0, 17.0], [12.0, 13.0, 15.0, 21.0, 22.0, 17.0]]-
12.0-17.0-[[12.0, 13.0, 17.0], [12.0, 13.0, 22.0, 21.0, 17.0], [12.0, 13.0, 22.0, 21.0, 15.0, 17.0], [12.0, 13.0, 22.0, 17.0], [12.0, 13.0, 15.0, 21.0, 22.0, 17.0]]-
12.0-17.0-[[12.0, 13.0, 17.0], [12.0, 13.0, 22.0, 21.0, 17.0], [12.0, 13.0, 22.0, 21.0, 15.0, 17.0], [12.0, 13.0, 22.0, 17.0], [12.0, 13.0, 15.0, 21.0, 22.0, 17.0]]-
12.0-21.0-[[12.0, 24.0, 22.0, 21.0], [12.0, 13.0, 15.0, 21.0], [12.0, 13.0, 17.0, 21.0], [12.0, 13.0, 22.0, 21.0], [12.0, 13.0, 22.0, 17.0, 21.0]]-
12.0-21.0-[[12.0, 24.0, 22.0, 21.0], [12.0, 13.0, 15.0, 21.0], [12.0, 13.0, 17.0, 21.0], [12.0, 13.0, 22.0, 21.0], [12.0, 13.0, 22.0, 17.0, 21.0]]-
12.0-21.0-[[12.0, 24.0, 22.0, 21.0], [12.0, 13.0, 15.0, 21.0], [12.0, 13.0, 17.0, 21.0], [12.0, 13.0, 22.0, 21.0], [12.0, 13.0, 22.0, 17.0, 21.0]]-
12.0-21.0-[[12.0, 24.0, 22.0, 21.0], [12.0, 13.0, 15.0, 21.0], [12.0, 13.0, 17.0, 21.0], [12.0, 13.0, 22.0, 21.0], [12.0, 13.0, 22.0, 17.0, 21.0]]-
12.0-21.0-[[12.0, 24.0, 22.0, 21.0], [12.0, 13.0, 15.0, 21.0], [12.0, 13.0, 17.0, 21.0], [12.0, 13.0, 22.0, 21.0], [12.0, 13.0, 22.0, 17.0, 21.0]]-
12.0-22.0-[[12.0, 24.0, 22.0], [12.0, 13.0, 22.0], [12.0, 13.0, 17.0, 22.0], [12.0, 13.0, 17.0, 21.0, 22.0], [12.0, 13.0, 17.0, 15.0, 21.0, 22.0]]-
12.0-22.0-[[12.0, 24.0, 22.0], [12.0, 13.0, 22.0], [12.0, 13.0, 17.0, 22.0], [12.0, 13.0, 17.0, 21.0, 22.0], [12.0, 13.0, 17.0, 15.0, 21.0, 22.0]]-
12.0-22.0-[[12.0, 24.0, 22.0], [12.0, 13.0, 22.0], [12.0, 13.0, 17.0, 22.0], [12.0, 13.0, 17.0, 21.0, 22.0], [12.0, 13.0, 17.0, 15.0, 21.0, 22.0]]-
12.0-22.0-[[12.0, 24.0, 22.0], [12.0, 13.0, 22.0], [12.0, 13.0, 17.0, 22.0], [12.0, 13.0, 17.0, 21.0, 22.0], [12.0, 13.0, 17.0, 15.0, 21.0, 22.0]]-
12.0-22.0-[[12.0, 24.0, 22.0], [12.0, 13.0, 22.0], [12.0, 13.0, 17.0, 22.0], [12.0, 13.0, 17.0, 21.0, 22.0], [12.0, 13.0, 17.0, 15.0, 21.0, 22.0]]-
12.0-24.0-[[12.0, 24.0], [12.0, 13.0, 22.0, 24.0], [12.0, 13.0, 17.0, 22.0, 24.0], [12.0, 13.0, 17.0, 21.0, 22.0, 24.0], [12.0, 13.0, 17.0, 15.0, 21.0, 22.0, 24.0]]-
12.0-24.0-[[12.0, 24.0], [12.0, 13.0, 22.0, 24.0], [12.0, 13.0, 17.0, 22.0, 24.0], [12.0, 13.0, 17.0, 21.0, 22.0, 24.0], [12.0, 13.0, 17.0, 15.0, 21.0, 22.0, 24.0]]-
12.0-24.0-[[12.0, 24.0], [12.0, 13.0, 22.0, 24.0], [12.0, 13.0, 17.0, 22.0, 24.0], [12.0, 13.0, 17.0, 21.0, 22.0, 24.0], [12.0, 13.0, 17.0, 15.0, 21.0, 22.0, 24.0]]-
12.0-24.0-[[12.0, 24.0], [12.0, 13.0, 22.0, 24.0], [12.0, 13.0, 17.0, 22.0, 24.0], [12.0, 13.0, 17.0, 21.0, 22.0, 24.0], [12.0, 13.0, 17.0, 15.0, 21.0, 22.0, 24.0]]-
12.0-24.0-[[12.0, 24.0], [12.0, 13.0, 22.0, 24.0], [12.0, 13.0, 17.0, 22.0, 24.0], [12.0, 13.0, 17.0, 21.0, 22.0, 24.0], [12.0, 13.0, 17.0, 15.0, 21.0, 22.0, 24.0]]-
13.0-10.0-[[13.0, 10.0], [13.0, 22.0, 24.0, 12.0, 11.0, 10.0], [13.0, 17.0, 22.0, 24.0, 12.0, 11.0, 10.0], [13.0, 17.0, 21.0, 22.0, 24.0, 12.0, 11.0, 10.0], [13.0, 17.0, 15.0, 21.0, 22.0, 24.0, 12.0, 11.0, 10.0]]-
13.0-10.0-[[13.0, 10.0], [13.0, 22.0, 24.0, 12.0, 11.0, 10.0], [13.0, 17.0, 22.0, 24.0, 12.0, 11.0, 10.0], [13.0, 17.0, 21.0, 22.0, 24.0, 12.0, 11.0, 10.0], [13.0, 17.0, 15.0, 21.0, 22.0, 24.0, 12.0, 11.0, 10.0]]-
13.0-10.0-[[13.0, 10.0], [13.0, 22.0, 24.0, 12.0, 11.0, 10.0], [13.0, 17.0, 22.0, 24.0, 12.0, 11.0, 10.0], [13.0, 17.0, 21.0, 22.0, 24.0, 12.0, 11.0, 10.0], [13.0, 17.0, 15.0, 21.0, 22.0, 24.0, 12.0, 11.0, 10.0]]-
13.0-10.0-[[13.0, 10.0], [13.0, 22.0, 24.0, 12.0, 11.0, 10.0], [13.0, 17.0, 22.0, 24.0, 12.0, 11.0, 10.0], [13.0, 17.0, 21.0, 22.0, 24.0, 12.0, 11.0, 10.0], [13.0, 17.0, 15.0, 21.0, 22.0, 24.0, 12.0, 11.0, 10.0]]-
13.0-10.0-[[13.0, 10.0], [13.0, 22.0, 24.0, 12.0, 11.0, 10.0], [13.0, 17.0, 22.0, 24.0, 12.0, 11.0, 10.0], [13.0, 17.0, 21.0, 22.0, 24.0, 12.0, 11.0, 10.0], [13.0, 17.0, 15.0, 21.0, 22.0, 24.0, 12.0, 11.0, 10.0]]-
13.0-11.0-[[13.0, 11.0], [13.0, 22.0, 24.0, 12.0, 11.0], [13.0, 17.0, 22.0, 24.0, 12.0, 11.0], [13.0, 17.0, 21.0, 22.0, 24.0, 12.0, 11.0], [13.0, 17.0, 15.0, 21.0, 22.0, 24.0, 12.0, 11.0]]-
13.0-11.0-[[13.0, 11.0], [13.0, 22.0, 24.0, 12.0, 11.0], [13.0, 17.0, 22.0, 24.0, 12.0, 11.0], [13.0, 17.0, 21.0, 22.0, 24.0, 12.0, 11.0], [13.0, 17.0, 15.0, 21.0, 22.0, 24.0, 12.0, 11.0]]-
13.0-11.0-[[13.0, 11.0], [13.0, 22.0, 24.0, 12.0, 11.0], [13.0, 17.0, 22.0, 24.0, 12.0, 11.0], [13.0, 17.0, 21.0, 22.0, 24.0, 12.0, 11.0], [13.0, 17.0, 15.0, 21.0, 22.0, 24.0, 12.0, 11.0]]-
13.0-11.0-[[13.0, 11.0], [13.0, 22.0, 24.0, 12.0, 11.0], [13.0, 17.0, 22.0, 24.0, 12.0, 11.0], [13.0, 17.0, 21.0, 22.0, 24.0, 12.0, 11.0], [13.0, 17.0, 15.0, 21.0, 22.0, 24.0, 12.0, 11.0]]-
13.0-11.0-[[13.0, 11.0], [13.0, 22.0, 24.0, 12.0, 11.0], [13.0, 17.0, 22.0, 24.0, 12.0, 11.0], [13.0, 17.0, 21.0, 22.0, 24.0, 12.0, 11.0], [13.0, 17.0, 15.0, 21.0, 22.0, 24.0, 12.0, 11.0]]-
13.0-12.0-[[13.0, 12.0], [13.0, 22.0, 24.0, 12.0], [13.0, 17.0, 22.0, 24.0, 12.0], [13.0, 17.0, 21.0, 22.0, 24.0, 12.0], [13.0, 17.0, 15.0, 21.0, 22.0, 24.0, 12.0]]-
13.0-12.0-[[13.0, 12.0], [13.0, 22.0, 24.0, 12.0], [13.0, 17.0, 22.0, 24.0, 12.0], [13.0, 17.0, 21.0, 22.0, 24.0, 12.0], [13.0, 17.0, 15.0, 21.0, 22.0, 24.0, 12.0]]-
13.0-12.0-[[13.0, 12.0], [13.0, 22.0, 24.0, 12.0], [13.0, 17.0, 22.0, 24.0, 12.0], [13.0, 17.0, 21.0, 22.0, 24.0, 12.0], [13.0, 17.0, 15.0, 21.0, 22.0, 24.0, 12.0]]-
13.0-12.0-[[13.0, 12.0], [13.0, 22.0, 24.0, 12.0], [13.0, 17.0, 22.0, 24.0, 12.0], [13.0, 17.0, 21.0, 22.0, 24.0, 12.0], [13.0, 17.0, 15.0, 21.0, 22.0, 24.0, 12.0]]-
13.0-12.0-[[13.0, 12.0], [13.0, 22.0, 24.0, 12.0], [13.0, 17.0, 22.0, 24.0, 12.0], [13.0, 17.0, 21.0, 22.0, 24.0, 12.0], [13.0, 17.0, 15.0, 21.0, 22.0, 24.0, 12.0]]-
13.0-15.0-[[13.0, 15.0], [13.0, 22.0, 21.0, 17.0, 15.0], [13.0, 22.0, 21.0, 15.0], [13.0, 22.0, 17.0, 21.0, 15.0], [13.0, 22.0, 17.0, 15.0]]-
13.0-15.0-[[13.0, 15.0], [13.0, 22.0, 21.0, 17.0, 15.0], [13.0, 22.0, 21.0, 15.0], [13.0, 22.0, 17.0, 21.0, 15.0], [13.0, 22.0, 17.0, 15.0]]-
13.0-15.0-[[13.0, 15.0], [13.0, 22.0, 21.0, 17.0, 15.0], [13.0, 22.0, 21.0, 15.0], [13.0, 22.0, 17.0, 21.0, 15.0], [13.0, 22.0, 17.0, 15.0]]-
13.0-15.0-[[13.0, 15.0], [13.0, 22.0, 21.0, 17.0, 15.0], [13.0, 22.0, 21.0, 15.0], [13.0, 22.0, 17.0, 21.0, 15.0], [13.0, 22.0, 17.0, 15.0]]-
13.0-15.0-[[13.0, 15.0], [13.0, 22.0, 21.0, 17.0, 15.0], [13.0, 22.0, 21.0, 15.0], [13.0, 22.0, 17.0, 21.0, 15.0], [13.0, 22.0, 17.0, 15.0]]-
13.0-17.0-[[13.0, 17.0], [13.0, 22.0, 21.0, 17.0], [13.0, 22.0, 21.0, 15.0, 17.0], [13.0, 22.0, 17.0], [13.0, 15.0, 21.0, 22.0, 17.0]]-
13.0-17.0-[[13.0, 17.0], [13.0, 22.0, 21.0, 17.0], [13.0, 22.0, 21.0, 15.0, 17.0], [13.0, 22.0, 17.0], [13.0, 15.0, 21.0, 22.0, 17.0]]-
13.0-17.0-[[13.0, 17.0], [13.0, 22.0, 21.0, 17.0], [13.0, 22.0, 21.0, 15.0, 17.0], [13.0, 22.0, 17.0], [13.0, 15.0, 21.0, 22.0, 17.0]]-
13.0-17.0-[[13.0, 17.0], [13.0, 22.0, 21.0, 17.0], [13.0, 22.0, 21.0, 15.0, 17.0], [13.0, 22.0, 17.0], [13.0, 15.0, 21.0, 22.0, 17.0]]-
13.0-17.0-[[13.0, 17.0], [13.0, 22.0, 21.0, 17.0], [13.0, 22.0, 21.0, 15.0, 17.0], [13.0, 22.0, 17.0], [13.0, 15.0, 21.0, 22.0, 17.0]]-
13.0-21.0-[[13.0, 15.0, 21.0], [13.0, 17.0, 21.0], [13.0, 22.0, 21.0], [13.0, 22.0, 17.0, 21.0], [13.0, 22.0, 17.0, 15.0, 21.0]]-
13.0-21.0-[[13.0, 15.0, 21.0], [13.0, 17.0, 21.0], [13.0, 22.0, 21.0], [13.0, 22.0, 17.0, 21.0], [13.0, 22.0, 17.0, 15.0, 21.0]]-
13.0-21.0-[[13.0, 15.0, 21.0], [13.0, 17.0, 21.0], [13.0, 22.0, 21.0], [13.0, 22.0, 17.0, 21.0], [13.0, 22.0, 17.0, 15.0, 21.0]]-
13.0-21.0-[[13.0, 15.0, 21.0], [13.0, 17.0, 21.0], [13.0, 22.0, 21.0], [13.0, 22.0, 17.0, 21.0], [13.0, 22.0, 17.0, 15.0, 21.0]]-
13.0-21.0-[[13.0, 15.0, 21.0], [13.0, 17.0, 21.0], [13.0, 22.0, 21.0], [13.0, 22.0, 17.0, 21.0], [13.0, 22.0, 17.0, 15.0, 21.0]]-
13.0-22.0-[[13.0, 22.0], [13.0, 17.0, 22.0], [13.0, 17.0, 21.0, 22.0], [13.0, 17.0, 15.0, 21.0, 22.0], [13.0, 15.0, 21.0, 22.0]]-
13.0-22.0-[[13.0, 22.0], [13.0, 17.0, 22.0], [13.0, 17.0, 21.0, 22.0], [13.0, 17.0, 15.0, 21.0, 22.0], [13.0, 15.0, 21.0, 22.0]]-
13.0-22.0-[[13.0, 22.0], [13.0, 17.0, 22.0], [13.0, 17.0, 21.0, 22.0], [13.0, 17.0, 15.0, 21.0, 22.0], [13.0, 15.0, 21.0, 22.0]]-
13.0-22.0-[[13.0, 22.0], [13.0, 17.0, 22.0], [13.0, 17.0, 21.0, 22.0], [13.0, 17.0, 15.0, 21.0, 22.0], [13.0, 15.0, 21.0, 22.0]]-
13.0-22.0-[[13.0, 22.0], [13.0, 17.0, 22.0], [13.0, 17.0, 21.0, 22.0], [13.0, 17.0, 15.0, 21.0, 22.0], [13.0, 15.0, 21.0, 22.0]]-
13.0-24.0-[[13.0, 12.0, 24.0], [13.0, 22.0, 24.0], [13.0, 17.0, 22.0, 24.0], [13.0, 17.0, 21.0, 22.0, 24.0], [13.0, 17.0, 15.0, 21.0, 22.0, 24.0]]-
13.0-24.0-[[13.0, 12.0, 24.0], [13.0, 22.0, 24.0], [13.0, 17.0, 22.0, 24.0], [13.0, 17.0, 21.0, 22.0, 24.0], [13.0, 17.0, 15.0, 21.0, 22.0, 24.0]]-
13.0-24.0-[[13.0, 12.0, 24.0], [13.0, 22.0, 24.0], [13.0, 17.0, 22.0, 24.0], [13.0, 17.0, 21.0, 22.0, 24.0], [13.0, 17.0, 15.0, 21.0, 22.0, 24.0]]-
13.0-24.0-[[13.0, 12.0, 24.0], [13.0, 22.0, 24.0], [13.0, 17.0, 22.0, 24.0], [13.0, 17.0, 21.0, 22.0, 24.0], [13.0, 17.0, 15.0, 21.0, 22.0, 24.0]]-
13.0-24.0-[[13.0, 12.0, 24.0], [13.0, 22.0, 24.0], [13.0, 17.0, 22.0, 24.0], [13.0, 17.0, 21.0, 22.0, 24.0], [13.0, 17.0, 15.0, 21.0, 22.0, 24.0]]-
15.0-10.0-[[15.0, 13.0, 10.0], [15.0, 21.0, 22.0, 17.0, 13.0, 12.0, 11.0, 10.0], [15.0, 21.0, 22.0, 17.0, 13.0, 11.0, 10.0], [15.0, 21.0, 22.0, 17.0, 13.0, 10.0], [15.0, 21.0, 22.0, 13.0, 12.0, 11.0, 10.0]]-
15.0-10.0-[[15.0, 13.0, 10.0], [15.0, 21.0, 22.0, 17.0, 13.0, 12.0, 11.0, 10.0], [15.0, 21.0, 22.0, 17.0, 13.0, 11.0, 10.0], [15.0, 21.0, 22.0, 17.0, 13.0, 10.0], [15.0, 21.0, 22.0, 13.0, 12.0, 11.0, 10.0]]-
15.0-10.0-[[15.0, 13.0, 10.0], [15.0, 21.0, 22.0, 17.0, 13.0, 12.0, 11.0, 10.0], [15.0, 21.0, 22.0, 17.0, 13.0, 11.0, 10.0], [15.0, 21.0, 22.0, 17.0, 13.0, 10.0], [15.0, 21.0, 22.0, 13.0, 12.0, 11.0, 10.0]]-
15.0-10.0-[[15.0, 13.0, 10.0], [15.0, 21.0, 22.0, 17.0, 13.0, 12.0, 11.0, 10.0], [15.0, 21.0, 22.0, 17.0, 13.0, 11.0, 10.0], [15.0, 21.0, 22.0, 17.0, 13.0, 10.0], [15.0, 21.0, 22.0, 13.0, 12.0, 11.0, 10.0]]-
15.0-10.0-[[15.0, 13.0, 10.0], [15.0, 21.0, 22.0, 17.0, 13.0, 12.0, 11.0, 10.0], [15.0, 21.0, 22.0, 17.0, 13.0, 11.0, 10.0], [15.0, 21.0, 22.0, 17.0, 13.0, 10.0], [15.0, 21.0, 22.0, 13.0, 12.0, 11.0, 10.0]]-
15.0-11.0-[[15.0, 13.0, 11.0], [15.0, 21.0, 22.0, 17.0, 13.0, 12.0, 11.0], [15.0, 21.0, 22.0, 17.0, 13.0, 11.0], [15.0, 21.0, 22.0, 17.0, 13.0, 10.0, 11.0], [15.0, 21.0, 22.0, 13.0, 12.0, 11.0]]-
15.0-11.0-[[15.0, 13.0, 11.0], [15.0, 21.0, 22.0, 17.0, 13.0, 12.0, 11.0], [15.0, 21.0, 22.0, 17.0, 13.0, 11.0], [15.0, 21.0, 22.0, 17.0, 13.0, 10.0, 11.0], [15.0, 21.0, 22.0, 13.0, 12.0, 11.0]]-
15.0-11.0-[[15.0, 13.0, 11.0], [15.0, 21.0, 22.0, 17.0, 13.0, 12.0, 11.0], [15.0, 21.0, 22.0, 17.0, 13.0, 11.0], [15.0, 21.0, 22.0, 17.0, 13.0, 10.0, 11.0], [15.0, 21.0, 22.0, 13.0, 12.0, 11.0]]-
15.0-11.0-[[15.0, 13.0, 11.0], [15.0, 21.0, 22.0, 17.0, 13.0, 12.0, 11.0], [15.0, 21.0, 22.0, 17.0, 13.0, 11.0], [15.0, 21.0, 22.0, 17.0, 13.0, 10.0, 11.0], [15.0, 21.0, 22.0, 13.0, 12.0, 11.0]]-
15.0-11.0-[[15.0, 13.0, 11.0], [15.0, 21.0, 22.0, 17.0, 13.0, 12.0, 11.0], [15.0, 21.0, 22.0, 17.0, 13.0, 11.0], [15.0, 21.0, 22.0, 17.0, 13.0, 10.0, 11.0], [15.0, 21.0, 22.0, 13.0, 12.0, 11.0]]-
15.0-12.0-[[15.0, 13.0, 12.0], [15.0, 21.0, 22.0, 17.0, 13.0, 12.0], [15.0, 21.0, 22.0, 17.0, 13.0, 11.0, 12.0], [15.0, 21.0, 22.0, 17.0, 13.0, 10.0, 11.0, 12.0], [15.0, 21.0, 22.0, 13.0, 12.0]]-
15.0-12.0-[[15.0, 13.0, 12.0], [15.0, 21.0, 22.0, 17.0, 13.0, 12.0], [15.0, 21.0, 22.0, 17.0, 13.0, 11.0, 12.0], [15.0, 21.0, 22.0, 17.0, 13.0, 10.0, 11.0, 12.0], [15.0, 21.0, 22.0, 13.0, 12.0]]-
15.0-12.0-[[15.0, 13.0, 12.0], [15.0, 21.0, 22.0, 17.0, 13.0, 12.0], [15.0, 21.0, 22.0, 17.0, 13.0, 11.0, 12.0], [15.0, 21.0, 22.0, 17.0, 13.0, 10.0, 11.0, 12.0], [15.0, 21.0, 22.0, 13.0, 12.0]]-
15.0-12.0-[[15.0, 13.0, 12.0], [15.0, 21.0, 22.0, 17.0, 13.0, 12.0], [15.0, 21.0, 22.0, 17.0, 13.0, 11.0, 12.0], [15.0, 21.0, 22.0, 17.0, 13.0, 10.0, 11.0, 12.0], [15.0, 21.0, 22.0, 13.0, 12.0]]-
15.0-12.0-[[15.0, 13.0, 12.0], [15.0, 21.0, 22.0, 17.0, 13.0, 12.0], [15.0, 21.0, 22.0, 17.0, 13.0, 11.0, 12.0], [15.0, 21.0, 22.0, 17.0, 13.0, 10.0, 11.0, 12.0], [15.0, 21.0, 22.0, 13.0, 12.0]]-
15.0-13.0-[[15.0, 13.0], [15.0, 21.0, 22.0, 17.0, 13.0], [15.0, 21.0, 22.0, 13.0], [15.0, 21.0, 22.0, 24.0, 12.0, 13.0], [15.0, 21.0, 22.0, 24.0, 12.0, 11.0, 13.0]]-
15.0-13.0-[[15.0, 13.0], [15.0, 21.0, 22.0, 17.0, 13.0], [15.0, 21.0, 22.0, 13.0], [15.0, 21.0, 22.0, 24.0, 12.0, 13.0], [15.0, 21.0, 22.0, 24.0, 12.0, 11.0, 13.0]]-
15.0-13.0-[[15.0, 13.0], [15.0, 21.0, 22.0, 17.0, 13.0], [15.0, 21.0, 22.0, 13.0], [15.0, 21.0, 22.0, 24.0, 12.0, 13.0], [15.0, 21.0, 22.0, 24.0, 12.0, 11.0, 13.0]]-
15.0-13.0-[[15.0, 13.0], [15.0, 21.0, 22.0, 17.0, 13.0], [15.0, 21.0, 22.0, 13.0], [15.0, 21.0, 22.0, 24.0, 12.0, 13.0], [15.0, 21.0, 22.0, 24.0, 12.0, 11.0, 13.0]]-
15.0-13.0-[[15.0, 13.0], [15.0, 21.0, 22.0, 17.0, 13.0], [15.0, 21.0, 22.0, 13.0], [15.0, 21.0, 22.0, 24.0, 12.0, 13.0], [15.0, 21.0, 22.0, 24.0, 12.0, 11.0, 13.0]]-
15.0-17.0-[[15.0, 17.0], [15.0, 21.0, 22.0, 17.0], [15.0, 21.0, 22.0, 13.0, 17.0], [15.0, 21.0, 22.0, 24.0, 12.0, 13.0, 17.0], [15.0, 21.0, 22.0, 24.0, 12.0, 11.0, 13.0, 17.0]]-
15.0-17.0-[[15.0, 17.0], [15.0, 21.0, 22.0, 17.0], [15.0, 21.0, 22.0, 13.0, 17.0], [15.0, 21.0, 22.0, 24.0, 12.0, 13.0, 17.0], [15.0, 21.0, 22.0, 24.0, 12.0, 11.0, 13.0, 17.0]]-
15.0-17.0-[[15.0, 17.0], [15.0, 21.0, 22.0, 17.0], [15.0, 21.0, 22.0, 13.0, 17.0], [15.0, 21.0, 22.0, 24.0, 12.0, 13.0, 17.0], [15.0, 21.0, 22.0, 24.0, 12.0, 11.0, 13.0, 17.0]]-
15.0-17.0-[[15.0, 17.0], [15.0, 21.0, 22.0, 17.0], [15.0, 21.0, 22.0, 13.0, 17.0], [15.0, 21.0, 22.0, 24.0, 12.0, 13.0, 17.0], [15.0, 21.0, 22.0, 24.0, 12.0, 11.0, 13.0, 17.0]]-
15.0-17.0-[[15.0, 17.0], [15.0, 21.0, 22.0, 17.0], [15.0, 21.0, 22.0, 13.0, 17.0], [15.0, 21.0, 22.0, 24.0, 12.0, 13.0, 17.0], [15.0, 21.0, 22.0, 24.0, 12.0, 11.0, 13.0, 17.0]]-
15.0-21.0-[[15.0, 21.0], [15.0, 17.0, 22.0, 21.0], [15.0, 17.0, 21.0], [15.0, 17.0, 13.0, 22.0, 21.0], [15.0, 17.0, 13.0, 12.0, 24.0, 22.0, 21.0]]-
15.0-21.0-[[15.0, 21.0], [15.0, 17.0, 22.0, 21.0], [15.0, 17.0, 21.0], [15.0, 17.0, 13.0, 22.0, 21.0], [15.0, 17.0, 13.0, 12.0, 24.0, 22.0, 21.0]]-
15.0-21.0-[[15.0, 21.0], [15.0, 17.0, 22.0, 21.0], [15.0, 17.0, 21.0], [15.0, 17.0, 13.0, 22.0, 21.0], [15.0, 17.0, 13.0, 12.0, 24.0, 22.0, 21.0]]-
15.0-21.0-[[15.0, 21.0], [15.0, 17.0, 22.0, 21.0], [15.0, 17.0, 21.0], [15.0, 17.0, 13.0, 22.0, 21.0], [15.0, 17.0, 13.0, 12.0, 24.0, 22.0, 21.0]]-
15.0-21.0-[[15.0, 21.0], [15.0, 17.0, 22.0, 21.0], [15.0, 17.0, 21.0], [15.0, 17.0, 13.0, 22.0, 21.0], [15.0, 17.0, 13.0, 12.0, 24.0, 22.0, 21.0]]-
15.0-22.0-[[15.0, 13.0, 22.0], [15.0, 17.0, 22.0], [15.0, 21.0, 22.0], [15.0, 21.0, 17.0, 22.0], [15.0, 21.0, 17.0, 13.0, 22.0]]-
15.0-22.0-[[15.0, 13.0, 22.0], [15.0, 17.0, 22.0], [15.0, 21.0, 22.0], [15.0, 21.0, 17.0, 22.0], [15.0, 21.0, 17.0, 13.0, 22.0]]-
15.0-22.0-[[15.0, 13.0, 22.0], [15.0, 17.0, 22.0], [15.0, 21.0, 22.0], [15.0, 21.0, 17.0, 22.0], [15.0, 21.0, 17.0, 13.0, 22.0]]-
15.0-22.0-[[15.0, 13.0, 22.0], [15.0, 17.0, 22.0], [15.0, 21.0, 22.0], [15.0, 21.0, 17.0, 22.0], [15.0, 21.0, 17.0, 13.0, 22.0]]-
15.0-22.0-[[15.0, 13.0, 22.0], [15.0, 17.0, 22.0], [15.0, 21.0, 22.0], [15.0, 21.0, 17.0, 22.0], [15.0, 21.0, 17.0, 13.0, 22.0]]-
15.0-24.0-[[15.0, 21.0, 22.0, 24.0], [15.0, 13.0, 22.0, 24.0], [15.0, 17.0, 22.0, 24.0], [15.0, 13.0, 12.0, 24.0], [15.0, 21.0, 22.0, 17.0, 13.0, 12.0, 24.0]]-
15.0-24.0-[[15.0, 21.0, 22.0, 24.0], [15.0, 13.0, 22.0, 24.0], [15.0, 17.0, 22.0, 24.0], [15.0, 13.0, 12.0, 24.0], [15.0, 21.0, 22.0, 17.0, 13.0, 12.0, 24.0]]-
15.0-24.0-[[15.0, 21.0, 22.0, 24.0], [15.0, 13.0, 22.0, 24.0], [15.0, 17.0, 22.0, 24.0], [15.0, 13.0, 12.0, 24.0], [15.0, 21.0, 22.0, 17.0, 13.0, 12.0, 24.0]]-
15.0-24.0-[[15.0, 21.0, 22.0, 24.0], [15.0, 13.0, 22.0, 24.0], [15.0, 17.0, 22.0, 24.0], [15.0, 13.0, 12.0, 24.0], [15.0, 21.0, 22.0, 17.0, 13.0, 12.0, 24.0]]-
15.0-24.0-[[15.0, 21.0, 22.0, 24.0], [15.0, 13.0, 22.0, 24.0], [15.0, 17.0, 22.0, 24.0], [15.0, 13.0, 12.0, 24.0], [15.0, 21.0, 22.0, 17.0, 13.0, 12.0, 24.0]]-
17.0-10.0-[[17.0, 13.0, 10.0], [17.0, 22.0, 21.0, 15.0, 13.0, 12.0, 11.0, 10.0], [17.0, 22.0, 21.0, 15.0, 13.0, 11.0, 10.0], [17.0, 22.0, 21.0, 15.0, 13.0, 10.0], [17.0, 22.0, 13.0, 12.0, 11.0, 10.0]]-
17.0-10.0-[[17.0, 13.0, 10.0], [17.0, 22.0, 21.0, 15.0, 13.0, 12.0, 11.0, 10.0], [17.0, 22.0, 21.0, 15.0, 13.0, 11.0, 10.0], [17.0, 22.0, 21.0, 15.0, 13.0, 10.0], [17.0, 22.0, 13.0, 12.0, 11.0, 10.0]]-
17.0-10.0-[[17.0, 13.0, 10.0], [17.0, 22.0, 21.0, 15.0, 13.0, 12.0, 11.0, 10.0], [17.0, 22.0, 21.0, 15.0, 13.0, 11.0, 10.0], [17.0, 22.0, 21.0, 15.0, 13.0, 10.0], [17.0, 22.0, 13.0, 12.0, 11.0, 10.0]]-
17.0-10.0-[[17.0, 13.0, 10.0], [17.0, 22.0, 21.0, 15.0, 13.0, 12.0, 11.0, 10.0], [17.0, 22.0, 21.0, 15.0, 13.0, 11.0, 10.0], [17.0, 22.0, 21.0, 15.0, 13.0, 10.0], [17.0, 22.0, 13.0, 12.0, 11.0, 10.0]]-
17.0-10.0-[[17.0, 13.0, 10.0], [17.0, 22.0, 21.0, 15.0, 13.0, 12.0, 11.0, 10.0], [17.0, 22.0, 21.0, 15.0, 13.0, 11.0, 10.0], [17.0, 22.0, 21.0, 15.0, 13.0, 10.0], [17.0, 22.0, 13.0, 12.0, 11.0, 10.0]]-
17.0-11.0-[[17.0, 13.0, 11.0], [17.0, 22.0, 21.0, 15.0, 13.0, 12.0, 11.0], [17.0, 22.0, 21.0, 15.0, 13.0, 11.0], [17.0, 22.0, 21.0, 15.0, 13.0, 10.0, 11.0], [17.0, 22.0, 13.0, 12.0, 11.0]]-
17.0-11.0-[[17.0, 13.0, 11.0], [17.0, 22.0, 21.0, 15.0, 13.0, 12.0, 11.0], [17.0, 22.0, 21.0, 15.0, 13.0, 11.0], [17.0, 22.0, 21.0, 15.0, 13.0, 10.0, 11.0], [17.0, 22.0, 13.0, 12.0, 11.0]]-
17.0-11.0-[[17.0, 13.0, 11.0], [17.0, 22.0, 21.0, 15.0, 13.0, 12.0, 11.0], [17.0, 22.0, 21.0, 15.0, 13.0, 11.0], [17.0, 22.0, 21.0, 15.0, 13.0, 10.0, 11.0], [17.0, 22.0, 13.0, 12.0, 11.0]]-
17.0-11.0-[[17.0, 13.0, 11.0], [17.0, 22.0, 21.0, 15.0, 13.0, 12.0, 11.0], [17.0, 22.0, 21.0, 15.0, 13.0, 11.0], [17.0, 22.0, 21.0, 15.0, 13.0, 10.0, 11.0], [17.0, 22.0, 13.0, 12.0, 11.0]]-
17.0-11.0-[[17.0, 13.0, 11.0], [17.0, 22.0, 21.0, 15.0, 13.0, 12.0, 11.0], [17.0, 22.0, 21.0, 15.0, 13.0, 11.0], [17.0, 22.0, 21.0, 15.0, 13.0, 10.0, 11.0], [17.0, 22.0, 13.0, 12.0, 11.0]]-
17.0-12.0-[[17.0, 13.0, 12.0], [17.0, 22.0, 21.0, 15.0, 13.0, 12.0], [17.0, 22.0, 21.0, 15.0, 13.0, 11.0, 12.0], [17.0, 22.0, 21.0, 15.0, 13.0, 10.0, 11.0, 12.0], [17.0, 22.0, 13.0, 12.0]]-
17.0-12.0-[[17.0, 13.0, 12.0], [17.0, 22.0, 21.0, 15.0, 13.0, 12.0], [17.0, 22.0, 21.0, 15.0, 13.0, 11.0, 12.0], [17.0, 22.0, 21.0, 15.0, 13.0, 10.0, 11.0, 12.0], [17.0, 22.0, 13.0, 12.0]]-
17.0-12.0-[[17.0, 13.0, 12.0], [17.0, 22.0, 21.0, 15.0, 13.0, 12.0], [17.0, 22.0, 21.0, 15.0, 13.0, 11.0, 12.0], [17.0, 22.0, 21.0, 15.0, 13.0, 10.0, 11.0, 12.0], [17.0, 22.0, 13.0, 12.0]]-
17.0-12.0-[[17.0, 13.0, 12.0], [17.0, 22.0, 21.0, 15.0, 13.0, 12.0], [17.0, 22.0, 21.0, 15.0, 13.0, 11.0, 12.0], [17.0, 22.0, 21.0, 15.0, 13.0, 10.0, 11.0, 12.0], [17.0, 22.0, 13.0, 12.0]]-
17.0-12.0-[[17.0, 13.0, 12.0], [17.0, 22.0, 21.0, 15.0, 13.0, 12.0], [17.0, 22.0, 21.0, 15.0, 13.0, 11.0, 12.0], [17.0, 22.0, 21.0, 15.0, 13.0, 10.0, 11.0, 12.0], [17.0, 22.0, 13.0, 12.0]]-
17.0-13.0-[[17.0, 13.0], [17.0, 22.0, 21.0, 15.0, 13.0], [17.0, 22.0, 13.0], [17.0, 22.0, 24.0, 12.0, 13.0], [17.0, 22.0, 24.0, 12.0, 11.0, 13.0]]-
17.0-13.0-[[17.0, 13.0], [17.0, 22.0, 21.0, 15.0, 13.0], [17.0, 22.0, 13.0], [17.0, 22.0, 24.0, 12.0, 13.0], [17.0, 22.0, 24.0, 12.0, 11.0, 13.0]]-
17.0-13.0-[[17.0, 13.0], [17.0, 22.0, 21.0, 15.0, 13.0], [17.0, 22.0, 13.0], [17.0, 22.0, 24.0, 12.0, 13.0], [17.0, 22.0, 24.0, 12.0, 11.0, 13.0]]-
17.0-13.0-[[17.0, 13.0], [17.0, 22.0, 21.0, 15.0, 13.0], [17.0, 22.0, 13.0], [17.0, 22.0, 24.0, 12.0, 13.0], [17.0, 22.0, 24.0, 12.0, 11.0, 13.0]]-
17.0-13.0-[[17.0, 13.0], [17.0, 22.0, 21.0, 15.0, 13.0], [17.0, 22.0, 13.0], [17.0, 22.0, 24.0, 12.0, 13.0], [17.0, 22.0, 24.0, 12.0, 11.0, 13.0]]-
17.0-15.0-[[17.0, 15.0], [17.0, 22.0, 21.0, 15.0], [17.0, 22.0, 13.0, 15.0], [17.0, 22.0, 24.0, 12.0, 13.0, 15.0], [17.0, 22.0, 24.0, 12.0, 11.0, 13.0, 15.0]]-
17.0-15.0-[[17.0, 15.0], [17.0, 22.0, 21.0, 15.0], [17.0, 22.0, 13.0, 15.0], [17.0, 22.0, 24.0, 12.0, 13.0, 15.0], [17.0, 22.0, 24.0, 12.0, 11.0, 13.0, 15.0]]-
17.0-15.0-[[17.0, 15.0], [17.0, 22.0, 21.0, 15.0], [17.0, 22.0, 13.0, 15.0], [17.0, 22.0, 24.0, 12.0, 13.0, 15.0], [17.0, 22.0, 24.0, 12.0, 11.0, 13.0, 15.0]]-
17.0-15.0-[[17.0, 15.0], [17.0, 22.0, 21.0, 15.0], [17.0, 22.0, 13.0, 15.0], [17.0, 22.0, 24.0, 12.0, 13.0, 15.0], [17.0, 22.0, 24.0, 12.0, 11.0, 13.0, 15.0]]-
17.0-15.0-[[17.0, 15.0], [17.0, 22.0, 21.0, 15.0], [17.0, 22.0, 13.0, 15.0], [17.0, 22.0, 24.0, 12.0, 13.0, 15.0], [17.0, 22.0, 24.0, 12.0, 11.0, 13.0, 15.0]]-
17.0-21.0-[[17.0, 21.0], [17.0, 22.0, 21.0], [17.0, 22.0, 13.0, 15.0, 21.0], [17.0, 22.0, 24.0, 12.0, 13.0, 15.0, 21.0], [17.0, 22.0, 24.0, 12.0, 11.0, 13.0, 15.0, 21.0]]-
17.0-21.0-[[17.0, 21.0], [17.0, 22.0, 21.0], [17.0, 22.0, 13.0, 15.0, 21.0], [17.0, 22.0, 24.0, 12.0, 13.0, 15.0, 21.0], [17.0, 22.0, 24.0, 12.0, 11.0, 13.0, 15.0, 21.0]]-
17.0-21.0-[[17.0, 21.0], [17.0, 22.0, 21.0], [17.0, 22.0, 13.0, 15.0, 21.0], [17.0, 22.0, 24.0, 12.0, 13.0, 15.0, 21.0], [17.0, 22.0, 24.0, 12.0, 11.0, 13.0, 15.0, 21.0]]-
17.0-21.0-[[17.0, 21.0], [17.0, 22.0, 21.0], [17.0, 22.0, 13.0, 15.0, 21.0], [17.0, 22.0, 24.0, 12.0, 13.0, 15.0, 21.0], [17.0, 22.0, 24.0, 12.0, 11.0, 13.0, 15.0, 21.0]]-
17.0-21.0-[[17.0, 21.0], [17.0, 22.0, 21.0], [17.0, 22.0, 13.0, 15.0, 21.0], [17.0, 22.0, 24.0, 12.0, 13.0, 15.0, 21.0], [17.0, 22.0, 24.0, 12.0, 11.0, 13.0, 15.0, 21.0]]-
17.0-22.0-[[17.0, 22.0], [17.0, 21.0, 22.0], [17.0, 21.0, 15.0, 13.0, 22.0], [17.0, 21.0, 15.0, 13.0, 12.0, 24.0, 22.0], [17.0, 21.0, 15.0, 13.0, 11.0, 12.0, 24.0, 22.0]]-
17.0-22.0-[[17.0, 22.0], [17.0, 21.0, 22.0], [17.0, 21.0, 15.0, 13.0, 22.0], [17.0, 21.0, 15.0, 13.0, 12.0, 24.0, 22.0], [17.0, 21.0, 15.0, 13.0, 11.0, 12.0, 24.0, 22.0]]-
17.0-22.0-[[17.0, 22.0], [17.0, 21.0, 22.0], [17.0, 21.0, 15.0, 13.0, 22.0], [17.0, 21.0, 15.0, 13.0, 12.0, 24.0, 22.0], [17.0, 21.0, 15.0, 13.0, 11.0, 12.0, 24.0, 22.0]]-
17.0-22.0-[[17.0, 22.0], [17.0, 21.0, 22.0], [17.0, 21.0, 15.0, 13.0, 22.0], [17.0, 21.0, 15.0, 13.0, 12.0, 24.0, 22.0], [17.0, 21.0, 15.0, 13.0, 11.0, 12.0, 24.0, 22.0]]-
17.0-22.0-[[17.0, 22.0], [17.0, 21.0, 22.0], [17.0, 21.0, 15.0, 13.0, 22.0], [17.0, 21.0, 15.0, 13.0, 12.0, 24.0, 22.0], [17.0, 21.0, 15.0, 13.0, 11.0, 12.0, 24.0, 22.0]]-
17.0-24.0-[[17.0, 22.0, 24.0], [17.0, 22.0, 21.0, 15.0, 13.0, 12.0, 24.0], [17.0, 22.0, 21.0, 15.0, 13.0, 11.0, 12.0, 24.0], [17.0, 22.0, 21.0, 15.0, 13.0, 10.0, 11.0, 12.0, 24.0], [17.0, 22.0, 13.0, 12.0, 24.0]]-
17.0-24.0-[[17.0, 22.0, 24.0], [17.0, 22.0, 21.0, 15.0, 13.0, 12.0, 24.0], [17.0, 22.0, 21.0, 15.0, 13.0, 11.0, 12.0, 24.0], [17.0, 22.0, 21.0, 15.0, 13.0, 10.0, 11.0, 12.0, 24.0], [17.0, 22.0, 13.0, 12.0, 24.0]]-
17.0-24.0-[[17.0, 22.0, 24.0], [17.0, 22.0, 21.0, 15.0, 13.0, 12.0, 24.0], [17.0, 22.0, 21.0, 15.0, 13.0, 11.0, 12.0, 24.0], [17.0, 22.0, 21.0, 15.0, 13.0, 10.0, 11.0, 12.0, 24.0], [17.0, 22.0, 13.0, 12.0, 24.0]]-
17.0-24.0-[[17.0, 22.0, 24.0], [17.0, 22.0, 21.0, 15.0, 13.0, 12.0, 24.0], [17.0, 22.0, 21.0, 15.0, 13.0, 11.0, 12.0, 24.0], [17.0, 22.0, 21.0, 15.0, 13.0, 10.0, 11.0, 12.0, 24.0], [17.0, 22.0, 13.0, 12.0, 24.0]]-
17.0-24.0-[[17.0, 22.0, 24.0], [17.0, 22.0, 21.0, 15.0, 13.0, 12.0, 24.0], [17.0, 22.0, 21.0, 15.0, 13.0, 11.0, 12.0, 24.0], [17.0, 22.0, 21.0, 15.0, 13.0, 10.0, 11.0, 12.0, 24.0], [17.0, 22.0, 13.0, 12.0, 24.0]]-
21.0-10.0-[[21.0, 15.0, 13.0, 10.0], [21.0, 22.0, 13.0, 10.0], [21.0, 17.0, 13.0, 10.0], [21.0, 22.0, 17.0, 15.0, 13.0, 12.0, 11.0, 10.0], [21.0, 22.0, 17.0, 15.0, 13.0, 11.0, 10.0]]-
21.0-10.0-[[21.0, 15.0, 13.0, 10.0], [21.0, 22.0, 13.0, 10.0], [21.0, 17.0, 13.0, 10.0], [21.0, 22.0, 17.0, 15.0, 13.0, 12.0, 11.0, 10.0], [21.0, 22.0, 17.0, 15.0, 13.0, 11.0, 10.0]]-
21.0-10.0-[[21.0, 15.0, 13.0, 10.0], [21.0, 22.0, 13.0, 10.0], [21.0, 17.0, 13.0, 10.0], [21.0, 22.0, 17.0, 15.0, 13.0, 12.0, 11.0, 10.0], [21.0, 22.0, 17.0, 15.0, 13.0, 11.0, 10.0]]-
21.0-10.0-[[21.0, 15.0, 13.0, 10.0], [21.0, 22.0, 13.0, 10.0], [21.0, 17.0, 13.0, 10.0], [21.0, 22.0, 17.0, 15.0, 13.0, 12.0, 11.0, 10.0], [21.0, 22.0, 17.0, 15.0, 13.0, 11.0, 10.0]]-
21.0-10.0-[[21.0, 15.0, 13.0, 10.0], [21.0, 22.0, 13.0, 10.0], [21.0, 17.0, 13.0, 10.0], [21.0, 22.0, 17.0, 15.0, 13.0, 12.0, 11.0, 10.0], [21.0, 22.0, 17.0, 15.0, 13.0, 11.0, 10.0]]-
21.0-11.0-[[21.0, 15.0, 13.0, 11.0], [21.0, 22.0, 13.0, 11.0], [21.0, 17.0, 13.0, 11.0], [21.0, 22.0, 17.0, 15.0, 13.0, 12.0, 11.0], [21.0, 22.0, 17.0, 15.0, 13.0, 11.0]]-
21.0-11.0-[[21.0, 15.0, 13.0, 11.0], [21.0, 22.0, 13.0, 11.0], [21.0, 17.0, 13.0, 11.0], [21.0, 22.0, 17.0, 15.0, 13.0, 12.0, 11.0], [21.0, 22.0, 17.0, 15.0, 13.0, 11.0]]-
21.0-11.0-[[21.0, 15.0, 13.0, 11.0], [21.0, 22.0, 13.0, 11.0], [21.0, 17.0, 13.0, 11.0], [21.0, 22.0, 17.0, 15.0, 13.0, 12.0, 11.0], [21.0, 22.0, 17.0, 15.0, 13.0, 11.0]]-
21.0-11.0-[[21.0, 15.0, 13.0, 11.0], [21.0, 22.0, 13.0, 11.0], [21.0, 17.0, 13.0, 11.0], [21.0, 22.0, 17.0, 15.0, 13.0, 12.0, 11.0], [21.0, 22.0, 17.0, 15.0, 13.0, 11.0]]-
21.0-11.0-[[21.0, 15.0, 13.0, 11.0], [21.0, 22.0, 13.0, 11.0], [21.0, 17.0, 13.0, 11.0], [21.0, 22.0, 17.0, 15.0, 13.0, 12.0, 11.0], [21.0, 22.0, 17.0, 15.0, 13.0, 11.0]]-
21.0-12.0-[[21.0, 22.0, 24.0, 12.0], [21.0, 15.0, 13.0, 12.0], [21.0, 17.0, 13.0, 12.0], [21.0, 22.0, 13.0, 12.0], [21.0, 22.0, 17.0, 15.0, 13.0, 12.0]]-
21.0-12.0-[[21.0, 22.0, 24.0, 12.0], [21.0, 15.0, 13.0, 12.0], [21.0, 17.0, 13.0, 12.0], [21.0, 22.0, 13.0, 12.0], [21.0, 22.0, 17.0, 15.0, 13.0, 12.0]]-
21.0-12.0-[[21.0, 22.0, 24.0, 12.0], [21.0, 15.0, 13.0, 12.0], [21.0, 17.0, 13.0, 12.0], [21.0, 22.0, 13.0, 12.0], [21.0, 22.0, 17.0, 15.0, 13.0, 12.0]]-
21.0-12.0-[[21.0, 22.0, 24.0, 12.0], [21.0, 15.0, 13.0, 12.0], [21.0, 17.0, 13.0, 12.0], [21.0, 22.0, 13.0, 12.0], [21.0, 22.0, 17.0, 15.0, 13.0, 12.0]]-
21.0-12.0-[[21.0, 22.0, 24.0, 12.0], [21.0, 15.0, 13.0, 12.0], [21.0, 17.0, 13.0, 12.0], [21.0, 22.0, 13.0, 12.0], [21.0, 22.0, 17.0, 15.0, 13.0, 12.0]]-
21.0-13.0-[[21.0, 22.0, 13.0], [21.0, 15.0, 13.0], [21.0, 17.0, 13.0], [21.0, 22.0, 17.0, 15.0, 13.0], [21.0, 22.0, 17.0, 13.0]]-
21.0-13.0-[[21.0, 22.0, 13.0], [21.0, 15.0, 13.0], [21.0, 17.0, 13.0], [21.0, 22.0, 17.0, 15.0, 13.0], [21.0, 22.0, 17.0, 13.0]]-
21.0-13.0-[[21.0, 22.0, 13.0], [21.0, 15.0, 13.0], [21.0, 17.0, 13.0], [21.0, 22.0, 17.0, 15.0, 13.0], [21.0, 22.0, 17.0, 13.0]]-
21.0-13.0-[[21.0, 22.0, 13.0], [21.0, 15.0, 13.0], [21.0, 17.0, 13.0], [21.0, 22.0, 17.0, 15.0, 13.0], [21.0, 22.0, 17.0, 13.0]]-
21.0-13.0-[[21.0, 22.0, 13.0], [21.0, 15.0, 13.0], [21.0, 17.0, 13.0], [21.0, 22.0, 17.0, 15.0, 13.0], [21.0, 22.0, 17.0, 13.0]]-
21.0-15.0-[[21.0, 15.0], [21.0, 22.0, 17.0, 15.0], [21.0, 22.0, 17.0, 13.0, 15.0], [21.0, 22.0, 13.0, 17.0, 15.0], [21.0, 22.0, 13.0, 15.0]]-
21.0-15.0-[[21.0, 15.0], [21.0, 22.0, 17.0, 15.0], [21.0, 22.0, 17.0, 13.0, 15.0], [21.0, 22.0, 13.0, 17.0, 15.0], [21.0, 22.0, 13.0, 15.0]]-
21.0-15.0-[[21.0, 15.0], [21.0, 22.0, 17.0, 15.0], [21.0, 22.0, 17.0, 13.0, 15.0], [21.0, 22.0, 13.0, 17.0, 15.0], [21.0, 22.0, 13.0, 15.0]]-
21.0-15.0-[[21.0, 15.0], [21.0, 22.0, 17.0, 15.0], [21.0, 22.0, 17.0, 13.0, 15.0], [21.0, 22.0, 13.0, 17.0, 15.0], [21.0, 22.0, 13.0, 15.0]]-
21.0-15.0-[[21.0, 15.0], [21.0, 22.0, 17.0, 15.0], [21.0, 22.0, 17.0, 13.0, 15.0], [21.0, 22.0, 13.0, 17.0, 15.0], [21.0, 22.0, 13.0, 15.0]]-
21.0-17.0-[[21.0, 17.0], [21.0, 22.0, 17.0], [21.0, 22.0, 13.0, 17.0], [21.0, 22.0, 13.0, 15.0, 17.0], [21.0, 22.0, 24.0, 12.0, 13.0, 17.0]]-
21.0-17.0-[[21.0, 17.0], [21.0, 22.0, 17.0], [21.0, 22.0, 13.0, 17.0], [21.0, 22.0, 13.0, 15.0, 17.0], [21.0, 22.0, 24.0, 12.0, 13.0, 17.0]]-
21.0-17.0-[[21.0, 17.0], [21.0, 22.0, 17.0], [21.0, 22.0, 13.0, 17.0], [21.0, 22.0, 13.0, 15.0, 17.0], [21.0, 22.0, 24.0, 12.0, 13.0, 17.0]]-
21.0-17.0-[[21.0, 17.0], [21.0, 22.0, 17.0], [21.0, 22.0, 13.0, 17.0], [21.0, 22.0, 13.0, 15.0, 17.0], [21.0, 22.0, 24.0, 12.0, 13.0, 17.0]]-
21.0-17.0-[[21.0, 17.0], [21.0, 22.0, 17.0], [21.0, 22.0, 13.0, 17.0], [21.0, 22.0, 13.0, 15.0, 17.0], [21.0, 22.0, 24.0, 12.0, 13.0, 17.0]]-
21.0-22.0-[[21.0, 22.0], [21.0, 17.0, 22.0], [21.0, 17.0, 15.0, 13.0, 22.0], [21.0, 17.0, 15.0, 13.0, 12.0, 24.0, 22.0], [21.0, 17.0, 15.0, 13.0, 11.0, 12.0, 24.0, 22.0]]-
21.0-22.0-[[21.0, 22.0], [21.0, 17.0, 22.0], [21.0, 17.0, 15.0, 13.0, 22.0], [21.0, 17.0, 15.0, 13.0, 12.0, 24.0, 22.0], [21.0, 17.0, 15.0, 13.0, 11.0, 12.0, 24.0, 22.0]]-
21.0-22.0-[[21.0, 22.0], [21.0, 17.0, 22.0], [21.0, 17.0, 15.0, 13.0, 22.0], [21.0, 17.0, 15.0, 13.0, 12.0, 24.0, 22.0], [21.0, 17.0, 15.0, 13.0, 11.0, 12.0, 24.0, 22.0]]-
21.0-22.0-[[21.0, 22.0], [21.0, 17.0, 22.0], [21.0, 17.0, 15.0, 13.0, 22.0], [21.0, 17.0, 15.0, 13.0, 12.0, 24.0, 22.0], [21.0, 17.0, 15.0, 13.0, 11.0, 12.0, 24.0, 22.0]]-
21.0-22.0-[[21.0, 22.0], [21.0, 17.0, 22.0], [21.0, 17.0, 15.0, 13.0, 22.0], [21.0, 17.0, 15.0, 13.0, 12.0, 24.0, 22.0], [21.0, 17.0, 15.0, 13.0, 11.0, 12.0, 24.0, 22.0]]-
21.0-24.0-[[21.0, 22.0, 24.0], [21.0, 22.0, 17.0, 15.0, 13.0, 12.0, 24.0], [21.0, 22.0, 17.0, 15.0, 13.0, 11.0, 12.0, 24.0], [21.0, 22.0, 17.0, 15.0, 13.0, 10.0, 11.0, 12.0, 24.0], [21.0, 22.0, 17.0, 13.0, 12.0, 24.0]]-
21.0-24.0-[[21.0, 22.0, 24.0], [21.0, 22.0, 17.0, 15.0, 13.0, 12.0, 24.0], [21.0, 22.0, 17.0, 15.0, 13.0, 11.0, 12.0, 24.0], [21.0, 22.0, 17.0, 15.0, 13.0, 10.0, 11.0, 12.0, 24.0], [21.0, 22.0, 17.0, 13.0, 12.0, 24.0]]-
21.0-24.0-[[21.0, 22.0, 24.0], [21.0, 22.0, 17.0, 15.0, 13.0, 12.0, 24.0], [21.0, 22.0, 17.0, 15.0, 13.0, 11.0, 12.0, 24.0], [21.0, 22.0, 17.0, 15.0, 13.0, 10.0, 11.0, 12.0, 24.0], [21.0, 22.0, 17.0, 13.0, 12.0, 24.0]]-
21.0-24.0-[[21.0, 22.0, 24.0], [21.0, 22.0, 17.0, 15.0, 13.0, 12.0, 24.0], [21.0, 22.0, 17.0, 15.0, 13.0, 11.0, 12.0, 24.0], [21.0, 22.0, 17.0, 15.0, 13.0, 10.0, 11.0, 12.0, 24.0], [21.0, 22.0, 17.0, 13.0, 12.0, 24.0]]-
21.0-24.0-[[21.0, 22.0, 24.0], [21.0, 22.0, 17.0, 15.0, 13.0, 12.0, 24.0], [21.0, 22.0, 17.0, 15.0, 13.0, 11.0, 12.0, 24.0], [21.0, 22.0, 17.0, 15.0, 13.0, 10.0, 11.0, 12.0, 24.0], [21.0, 22.0, 17.0, 13.0, 12.0, 24.0]]-
22.0-10.0-[[22.0, 13.0, 10.0], [22.0, 21.0, 17.0, 15.0, 13.0, 12.0, 11.0, 10.0], [22.0, 21.0, 17.0, 15.0, 13.0, 11.0, 10.0], [22.0, 21.0, 17.0, 15.0, 13.0, 10.0], [22.0, 21.0, 17.0, 13.0, 12.0, 11.0, 10.0]]-
22.0-10.0-[[22.0, 13.0, 10.0], [22.0, 21.0, 17.0, 15.0, 13.0, 12.0, 11.0, 10.0], [22.0, 21.0, 17.0, 15.0, 13.0, 11.0, 10.0], [22.0, 21.0, 17.0, 15.0, 13.0, 10.0], [22.0, 21.0, 17.0, 13.0, 12.0, 11.0, 10.0]]-
22.0-10.0-[[22.0, 13.0, 10.0], [22.0, 21.0, 17.0, 15.0, 13.0, 12.0, 11.0, 10.0], [22.0, 21.0, 17.0, 15.0, 13.0, 11.0, 10.0], [22.0, 21.0, 17.0, 15.0, 13.0, 10.0], [22.0, 21.0, 17.0, 13.0, 12.0, 11.0, 10.0]]-
22.0-10.0-[[22.0, 13.0, 10.0], [22.0, 21.0, 17.0, 15.0, 13.0, 12.0, 11.0, 10.0], [22.0, 21.0, 17.0, 15.0, 13.0, 11.0, 10.0], [22.0, 21.0, 17.0, 15.0, 13.0, 10.0], [22.0, 21.0, 17.0, 13.0, 12.0, 11.0, 10.0]]-
22.0-10.0-[[22.0, 13.0, 10.0], [22.0, 21.0, 17.0, 15.0, 13.0, 12.0, 11.0, 10.0], [22.0, 21.0, 17.0, 15.0, 13.0, 11.0, 10.0], [22.0, 21.0, 17.0, 15.0, 13.0, 10.0], [22.0, 21.0, 17.0, 13.0, 12.0, 11.0, 10.0]]-
22.0-11.0-[[22.0, 13.0, 11.0], [22.0, 21.0, 17.0, 15.0, 13.0, 12.0, 11.0], [22.0, 21.0, 17.0, 15.0, 13.0, 11.0], [22.0, 21.0, 17.0, 15.0, 13.0, 10.0, 11.0], [22.0, 21.0, 17.0, 13.0, 12.0, 11.0]]-
22.0-11.0-[[22.0, 13.0, 11.0], [22.0, 21.0, 17.0, 15.0, 13.0, 12.0, 11.0], [22.0, 21.0, 17.0, 15.0, 13.0, 11.0], [22.0, 21.0, 17.0, 15.0, 13.0, 10.0, 11.0], [22.0, 21.0, 17.0, 13.0, 12.0, 11.0]]-
22.0-11.0-[[22.0, 13.0, 11.0], [22.0, 21.0, 17.0, 15.0, 13.0, 12.0, 11.0], [22.0, 21.0, 17.0, 15.0, 13.0, 11.0], [22.0, 21.0, 17.0, 15.0, 13.0, 10.0, 11.0], [22.0, 21.0, 17.0, 13.0, 12.0, 11.0]]-
22.0-11.0-[[22.0, 13.0, 11.0], [22.0, 21.0, 17.0, 15.0, 13.0, 12.0, 11.0], [22.0, 21.0, 17.0, 15.0, 13.0, 11.0], [22.0, 21.0, 17.0, 15.0, 13.0, 10.0, 11.0], [22.0, 21.0, 17.0, 13.0, 12.0, 11.0]]-
22.0-11.0-[[22.0, 13.0, 11.0], [22.0, 21.0, 17.0, 15.0, 13.0, 12.0, 11.0], [22.0, 21.0, 17.0, 15.0, 13.0, 11.0], [22.0, 21.0, 17.0, 15.0, 13.0, 10.0, 11.0], [22.0, 21.0, 17.0, 13.0, 12.0, 11.0]]-
22.0-12.0-[[22.0, 13.0, 12.0], [22.0, 24.0, 12.0], [22.0, 21.0, 17.0, 15.0, 13.0, 12.0], [22.0, 21.0, 17.0, 15.0, 13.0, 11.0, 12.0], [22.0, 21.0, 17.0, 15.0, 13.0, 10.0, 11.0, 12.0]]-
22.0-12.0-[[22.0, 13.0, 12.0], [22.0, 24.0, 12.0], [22.0, 21.0, 17.0, 15.0, 13.0, 12.0], [22.0, 21.0, 17.0, 15.0, 13.0, 11.0, 12.0], [22.0, 21.0, 17.0, 15.0, 13.0, 10.0, 11.0, 12.0]]-
22.0-12.0-[[22.0, 13.0, 12.0], [22.0, 24.0, 12.0], [22.0, 21.0, 17.0, 15.0, 13.0, 12.0], [22.0, 21.0, 17.0, 15.0, 13.0, 11.0, 12.0], [22.0, 21.0, 17.0, 15.0, 13.0, 10.0, 11.0, 12.0]]-
22.0-12.0-[[22.0, 13.0, 12.0], [22.0, 24.0, 12.0], [22.0, 21.0, 17.0, 15.0, 13.0, 12.0], [22.0, 21.0, 17.0, 15.0, 13.0, 11.0, 12.0], [22.0, 21.0, 17.0, 15.0, 13.0, 10.0, 11.0, 12.0]]-
22.0-12.0-[[22.0, 13.0, 12.0], [22.0, 24.0, 12.0], [22.0, 21.0, 17.0, 15.0, 13.0, 12.0], [22.0, 21.0, 17.0, 15.0, 13.0, 11.0, 12.0], [22.0, 21.0, 17.0, 15.0, 13.0, 10.0, 11.0, 12.0]]-
22.0-13.0-[[22.0, 13.0], [22.0, 21.0, 17.0, 15.0, 13.0], [22.0, 21.0, 17.0, 13.0], [22.0, 21.0, 15.0, 17.0, 13.0], [22.0, 21.0, 15.0, 13.0]]-
22.0-13.0-[[22.0, 13.0], [22.0, 21.0, 17.0, 15.0, 13.0], [22.0, 21.0, 17.0, 13.0], [22.0, 21.0, 15.0, 17.0, 13.0], [22.0, 21.0, 15.0, 13.0]]-
22.0-13.0-[[22.0, 13.0], [22.0, 21.0, 17.0, 15.0, 13.0], [22.0, 21.0, 17.0, 13.0], [22.0, 21.0, 15.0, 17.0, 13.0], [22.0, 21.0, 15.0, 13.0]]-
22.0-13.0-[[22.0, 13.0], [22.0, 21.0, 17.0, 15.0, 13.0], [22.0, 21.0, 17.0, 13.0], [22.0, 21.0, 15.0, 17.0, 13.0], [22.0, 21.0, 15.0, 13.0]]-
22.0-13.0-[[22.0, 13.0], [22.0, 21.0, 17.0, 15.0, 13.0], [22.0, 21.0, 17.0, 13.0], [22.0, 21.0, 15.0, 17.0, 13.0], [22.0, 21.0, 15.0, 13.0]]-
22.0-15.0-[[22.0, 13.0, 15.0], [22.0, 21.0, 15.0], [22.0, 17.0, 15.0], [22.0, 21.0, 17.0, 15.0], [22.0, 21.0, 17.0, 13.0, 15.0]]-
22.0-15.0-[[22.0, 13.0, 15.0], [22.0, 21.0, 15.0], [22.0, 17.0, 15.0], [22.0, 21.0, 17.0, 15.0], [22.0, 21.0, 17.0, 13.0, 15.0]]-
22.0-15.0-[[22.0, 13.0, 15.0], [22.0, 21.0, 15.0], [22.0, 17.0, 15.0], [22.0, 21.0, 17.0, 15.0], [22.0, 21.0, 17.0, 13.0, 15.0]]-
22.0-15.0-[[22.0, 13.0, 15.0], [22.0, 21.0, 15.0], [22.0, 17.0, 15.0], [22.0, 21.0, 17.0, 15.0], [22.0, 21.0, 17.0, 13.0, 15.0]]-
22.0-15.0-[[22.0, 13.0, 15.0], [22.0, 21.0, 15.0], [22.0, 17.0, 15.0], [22.0, 21.0, 17.0, 15.0], [22.0, 21.0, 17.0, 13.0, 15.0]]-
22.0-17.0-[[22.0, 17.0], [22.0, 21.0, 17.0], [22.0, 21.0, 15.0, 17.0], [22.0, 21.0, 15.0, 13.0, 17.0], [22.0, 13.0, 17.0]]-
22.0-17.0-[[22.0, 17.0], [22.0, 21.0, 17.0], [22.0, 21.0, 15.0, 17.0], [22.0, 21.0, 15.0, 13.0, 17.0], [22.0, 13.0, 17.0]]-
22.0-17.0-[[22.0, 17.0], [22.0, 21.0, 17.0], [22.0, 21.0, 15.0, 17.0], [22.0, 21.0, 15.0, 13.0, 17.0], [22.0, 13.0, 17.0]]-
22.0-17.0-[[22.0, 17.0], [22.0, 21.0, 17.0], [22.0, 21.0, 15.0, 17.0], [22.0, 21.0, 15.0, 13.0, 17.0], [22.0, 13.0, 17.0]]-
22.0-17.0-[[22.0, 17.0], [22.0, 21.0, 17.0], [22.0, 21.0, 15.0, 17.0], [22.0, 21.0, 15.0, 13.0, 17.0], [22.0, 13.0, 17.0]]-
22.0-21.0-[[22.0, 21.0], [22.0, 17.0, 21.0], [22.0, 17.0, 15.0, 21.0], [22.0, 17.0, 13.0, 15.0, 21.0], [22.0, 13.0, 17.0, 21.0]]-
22.0-21.0-[[22.0, 21.0], [22.0, 17.0, 21.0], [22.0, 17.0, 15.0, 21.0], [22.0, 17.0, 13.0, 15.0, 21.0], [22.0, 13.0, 17.0, 21.0]]-
22.0-21.0-[[22.0, 21.0], [22.0, 17.0, 21.0], [22.0, 17.0, 15.0, 21.0], [22.0, 17.0, 13.0, 15.0, 21.0], [22.0, 13.0, 17.0, 21.0]]-
22.0-21.0-[[22.0, 21.0], [22.0, 17.0, 21.0], [22.0, 17.0, 15.0, 21.0], [22.0, 17.0, 13.0, 15.0, 21.0], [22.0, 13.0, 17.0, 21.0]]-
22.0-21.0-[[22.0, 21.0], [22.0, 17.0, 21.0], [22.0, 17.0, 15.0, 21.0], [22.0, 17.0, 13.0, 15.0, 21.0], [22.0, 13.0, 17.0, 21.0]]-
22.0-24.0-[[22.0, 24.0], [22.0, 21.0, 17.0, 15.0, 13.0, 12.0, 24.0], [22.0, 21.0, 17.0, 15.0, 13.0, 11.0, 12.0, 24.0], [22.0, 21.0, 17.0, 15.0, 13.0, 10.0, 11.0, 12.0, 24.0], [22.0, 21.0, 17.0, 13.0, 12.0, 24.0]]-
22.0-24.0-[[22.0, 24.0], [22.0, 21.0, 17.0, 15.0, 13.0, 12.0, 24.0], [22.0, 21.0, 17.0, 15.0, 13.0, 11.0, 12.0, 24.0], [22.0, 21.0, 17.0, 15.0, 13.0, 10.0, 11.0, 12.0, 24.0], [22.0, 21.0, 17.0, 13.0, 12.0, 24.0]]-
22.0-24.0-[[22.0, 24.0], [22.0, 21.0, 17.0, 15.0, 13.0, 12.0, 24.0], [22.0, 21.0, 17.0, 15.0, 13.0, 11.0, 12.0, 24.0], [22.0, 21.0, 17.0, 15.0, 13.0, 10.0, 11.0, 12.0, 24.0], [22.0, 21.0, 17.0, 13.0, 12.0, 24.0]]-
22.0-24.0-[[22.0, 24.0], [22.0, 21.0, 17.0, 15.0, 13.0, 12.0, 24.0], [22.0, 21.0, 17.0, 15.0, 13.0, 11.0, 12.0, 24.0], [22.0, 21.0, 17.0, 15.0, 13.0, 10.0, 11.0, 12.0, 24.0], [22.0, 21.0, 17.0, 13.0, 12.0, 24.0]]-
22.0-24.0-[[22.0, 24.0], [22.0, 21.0, 17.0, 15.0, 13.0, 12.0, 24.0], [22.0, 21.0, 17.0, 15.0, 13.0, 11.0, 12.0, 24.0], [22.0, 21.0, 17.0, 15.0, 13.0, 10.0, 11.0, 12.0, 24.0], [22.0, 21.0, 17.0, 13.0, 12.0, 24.0]]-
24.0-10.0-[[24.0, 12.0, 11.0, 10.0], [24.0, 12.0, 13.0, 10.0], [24.0, 22.0, 13.0, 10.0], [24.0, 22.0, 21.0, 17.0, 15.0, 13.0, 12.0, 11.0, 10.0], [24.0, 22.0, 21.0, 17.0, 15.0, 13.0, 11.0, 10.0]]-
24.0-10.0-[[24.0, 12.0, 11.0, 10.0], [24.0, 12.0, 13.0, 10.0], [24.0, 22.0, 13.0, 10.0], [24.0, 22.0, 21.0, 17.0, 15.0, 13.0, 12.0, 11.0, 10.0], [24.0, 22.0, 21.0, 17.0, 15.0, 13.0, 11.0, 10.0]]-
24.0-10.0-[[24.0, 12.0, 11.0, 10.0], [24.0, 12.0, 13.0, 10.0], [24.0, 22.0, 13.0, 10.0], [24.0, 22.0, 21.0, 17.0, 15.0, 13.0, 12.0, 11.0, 10.0], [24.0, 22.0, 21.0, 17.0, 15.0, 13.0, 11.0, 10.0]]-
24.0-10.0-[[24.0, 12.0, 11.0, 10.0], [24.0, 12.0, 13.0, 10.0], [24.0, 22.0, 13.0, 10.0], [24.0, 22.0, 21.0, 17.0, 15.0, 13.0, 12.0, 11.0, 10.0], [24.0, 22.0, 21.0, 17.0, 15.0, 13.0, 11.0, 10.0]]-
24.0-10.0-[[24.0, 12.0, 11.0, 10.0], [24.0, 12.0, 13.0, 10.0], [24.0, 22.0, 13.0, 10.0], [24.0, 22.0, 21.0, 17.0, 15.0, 13.0, 12.0, 11.0, 10.0], [24.0, 22.0, 21.0, 17.0, 15.0, 13.0, 11.0, 10.0]]-
24.0-11.0-[[24.0, 12.0, 11.0], [24.0, 22.0, 21.0, 17.0, 15.0, 13.0, 12.0, 11.0], [24.0, 22.0, 21.0, 17.0, 15.0, 13.0, 11.0], [24.0, 22.0, 21.0, 17.0, 15.0, 13.0, 10.0, 11.0], [24.0, 22.0, 21.0, 17.0, 13.0, 12.0, 11.0]]-
24.0-11.0-[[24.0, 12.0, 11.0], [24.0, 22.0, 21.0, 17.0, 15.0, 13.0, 12.0, 11.0], [24.0, 22.0, 21.0, 17.0, 15.0, 13.0, 11.0], [24.0, 22.0, 21.0, 17.0, 15.0, 13.0, 10.0, 11.0], [24.0, 22.0, 21.0, 17.0, 13.0, 12.0, 11.0]]-
24.0-11.0-[[24.0, 12.0, 11.0], [24.0, 22.0, 21.0, 17.0, 15.0, 13.0, 12.0, 11.0], [24.0, 22.0, 21.0, 17.0, 15.0, 13.0, 11.0], [24.0, 22.0, 21.0, 17.0, 15.0, 13.0, 10.0, 11.0], [24.0, 22.0, 21.0, 17.0, 13.0, 12.0, 11.0]]-
24.0-11.0-[[24.0, 12.0, 11.0], [24.0, 22.0, 21.0, 17.0, 15.0, 13.0, 12.0, 11.0], [24.0, 22.0, 21.0, 17.0, 15.0, 13.0, 11.0], [24.0, 22.0, 21.0, 17.0, 15.0, 13.0, 10.0, 11.0], [24.0, 22.0, 21.0, 17.0, 13.0, 12.0, 11.0]]-
24.0-11.0-[[24.0, 12.0, 11.0], [24.0, 22.0, 21.0, 17.0, 15.0, 13.0, 12.0, 11.0], [24.0, 22.0, 21.0, 17.0, 15.0, 13.0, 11.0], [24.0, 22.0, 21.0, 17.0, 15.0, 13.0, 10.0, 11.0], [24.0, 22.0, 21.0, 17.0, 13.0, 12.0, 11.0]]-
24.0-12.0-[[24.0, 12.0], [24.0, 22.0, 21.0, 17.0, 15.0, 13.0, 12.0], [24.0, 22.0, 21.0, 17.0, 15.0, 13.0, 11.0, 12.0], [24.0, 22.0, 21.0, 17.0, 15.0, 13.0, 10.0, 11.0, 12.0], [24.0, 22.0, 21.0, 17.0, 13.0, 12.0]]-
24.0-12.0-[[24.0, 12.0], [24.0, 22.0, 21.0, 17.0, 15.0, 13.0, 12.0], [24.0, 22.0, 21.0, 17.0, 15.0, 13.0, 11.0, 12.0], [24.0, 22.0, 21.0, 17.0, 15.0, 13.0, 10.0, 11.0, 12.0], [24.0, 22.0, 21.0, 17.0, 13.0, 12.0]]-
24.0-12.0-[[24.0, 12.0], [24.0, 22.0, 21.0, 17.0, 15.0, 13.0, 12.0], [24.0, 22.0, 21.0, 17.0, 15.0, 13.0, 11.0, 12.0], [24.0, 22.0, 21.0, 17.0, 15.0, 13.0, 10.0, 11.0, 12.0], [24.0, 22.0, 21.0, 17.0, 13.0, 12.0]]-
24.0-12.0-[[24.0, 12.0], [24.0, 22.0, 21.0, 17.0, 15.0, 13.0, 12.0], [24.0, 22.0, 21.0, 17.0, 15.0, 13.0, 11.0, 12.0], [24.0, 22.0, 21.0, 17.0, 15.0, 13.0, 10.0, 11.0, 12.0], [24.0, 22.0, 21.0, 17.0, 13.0, 12.0]]-
24.0-12.0-[[24.0, 12.0], [24.0, 22.0, 21.0, 17.0, 15.0, 13.0, 12.0], [24.0, 22.0, 21.0, 17.0, 15.0, 13.0, 11.0, 12.0], [24.0, 22.0, 21.0, 17.0, 15.0, 13.0, 10.0, 11.0, 12.0], [24.0, 22.0, 21.0, 17.0, 13.0, 12.0]]-
24.0-13.0-[[24.0, 12.0, 13.0], [24.0, 22.0, 13.0], [24.0, 22.0, 21.0, 17.0, 15.0, 13.0], [24.0, 22.0, 21.0, 17.0, 13.0], [24.0, 22.0, 21.0, 15.0, 17.0, 13.0]]-
24.0-13.0-[[24.0, 12.0, 13.0], [24.0, 22.0, 13.0], [24.0, 22.0, 21.0, 17.0, 15.0, 13.0], [24.0, 22.0, 21.0, 17.0, 13.0], [24.0, 22.0, 21.0, 15.0, 17.0, 13.0]]-
24.0-13.0-[[24.0, 12.0, 13.0], [24.0, 22.0, 13.0], [24.0, 22.0, 21.0, 17.0, 15.0, 13.0], [24.0, 22.0, 21.0, 17.0, 13.0], [24.0, 22.0, 21.0, 15.0, 17.0, 13.0]]-
24.0-13.0-[[24.0, 12.0, 13.0], [24.0, 22.0, 13.0], [24.0, 22.0, 21.0, 17.0, 15.0, 13.0], [24.0, 22.0, 21.0, 17.0, 13.0], [24.0, 22.0, 21.0, 15.0, 17.0, 13.0]]-
24.0-13.0-[[24.0, 12.0, 13.0], [24.0, 22.0, 13.0], [24.0, 22.0, 21.0, 17.0, 15.0, 13.0], [24.0, 22.0, 21.0, 17.0, 13.0], [24.0, 22.0, 21.0, 15.0, 17.0, 13.0]]-
24.0-15.0-[[24.0, 12.0, 13.0, 15.0], [24.0, 22.0, 21.0, 15.0], [24.0, 22.0, 13.0, 15.0], [24.0, 22.0, 17.0, 15.0], [24.0, 22.0, 21.0, 17.0, 15.0]]-
24.0-15.0-[[24.0, 12.0, 13.0, 15.0], [24.0, 22.0, 21.0, 15.0], [24.0, 22.0, 13.0, 15.0], [24.0, 22.0, 17.0, 15.0], [24.0, 22.0, 21.0, 17.0, 15.0]]-
24.0-15.0-[[24.0, 12.0, 13.0, 15.0], [24.0, 22.0, 21.0, 15.0], [24.0, 22.0, 13.0, 15.0], [24.0, 22.0, 17.0, 15.0], [24.0, 22.0, 21.0, 17.0, 15.0]]-
24.0-15.0-[[24.0, 12.0, 13.0, 15.0], [24.0, 22.0, 21.0, 15.0], [24.0, 22.0, 13.0, 15.0], [24.0, 22.0, 17.0, 15.0], [24.0, 22.0, 21.0, 17.0, 15.0]]-
24.0-15.0-[[24.0, 12.0, 13.0, 15.0], [24.0, 22.0, 21.0, 15.0], [24.0, 22.0, 13.0, 15.0], [24.0, 22.0, 17.0, 15.0], [24.0, 22.0, 21.0, 17.0, 15.0]]-
24.0-17.0-[[24.0, 22.0, 17.0], [24.0, 22.0, 21.0, 17.0], [24.0, 22.0, 21.0, 15.0, 17.0], [24.0, 22.0, 21.0, 15.0, 13.0, 17.0], [24.0, 22.0, 13.0, 17.0]]-
24.0-17.0-[[24.0, 22.0, 17.0], [24.0, 22.0, 21.0, 17.0], [24.0, 22.0, 21.0, 15.0, 17.0], [24.0, 22.0, 21.0, 15.0, 13.0, 17.0], [24.0, 22.0, 13.0, 17.0]]-
24.0-17.0-[[24.0, 22.0, 17.0], [24.0, 22.0, 21.0, 17.0], [24.0, 22.0, 21.0, 15.0, 17.0], [24.0, 22.0, 21.0, 15.0, 13.0, 17.0], [24.0, 22.0, 13.0, 17.0]]-
24.0-17.0-[[24.0, 22.0, 17.0], [24.0, 22.0, 21.0, 17.0], [24.0, 22.0, 21.0, 15.0, 17.0], [24.0, 22.0, 21.0, 15.0, 13.0, 17.0], [24.0, 22.0, 13.0, 17.0]]-
24.0-17.0-[[24.0, 22.0, 17.0], [24.0, 22.0, 21.0, 17.0], [24.0, 22.0, 21.0, 15.0, 17.0], [24.0, 22.0, 21.0, 15.0, 13.0, 17.0], [24.0, 22.0, 13.0, 17.0]]-
24.0-21.0-[[24.0, 22.0, 21.0], [24.0, 22.0, 17.0, 21.0], [24.0, 22.0, 17.0, 15.0, 21.0], [24.0, 22.0, 17.0, 13.0, 15.0, 21.0], [24.0, 22.0, 13.0, 17.0, 21.0]]-
24.0-21.0-[[24.0, 22.0, 21.0], [24.0, 22.0, 17.0, 21.0], [24.0, 22.0, 17.0, 15.0, 21.0], [24.0, 22.0, 17.0, 13.0, 15.0, 21.0], [24.0, 22.0, 13.0, 17.0, 21.0]]-
24.0-21.0-[[24.0, 22.0, 21.0], [24.0, 22.0, 17.0, 21.0], [24.0, 22.0, 17.0, 15.0, 21.0], [24.0, 22.0, 17.0, 13.0, 15.0, 21.0], [24.0, 22.0, 13.0, 17.0, 21.0]]-
24.0-21.0-[[24.0, 22.0, 21.0], [24.0, 22.0, 17.0, 21.0], [24.0, 22.0, 17.0, 15.0, 21.0], [24.0, 22.0, 17.0, 13.0, 15.0, 21.0], [24.0, 22.0, 13.0, 17.0, 21.0]]-
24.0-21.0-[[24.0, 22.0, 21.0], [24.0, 22.0, 17.0, 21.0], [24.0, 22.0, 17.0, 15.0, 21.0], [24.0, 22.0, 17.0, 13.0, 15.0, 21.0], [24.0, 22.0, 13.0, 17.0, 21.0]]-
24.0-22.0-[[24.0, 22.0], [24.0, 12.0, 13.0, 22.0], [24.0, 12.0, 13.0, 17.0, 22.0], [24.0, 12.0, 13.0, 17.0, 21.0, 22.0], [24.0, 12.0, 13.0, 17.0, 15.0, 21.0, 22.0]]-
24.0-22.0-[[24.0, 22.0], [24.0, 12.0, 13.0, 22.0], [24.0, 12.0, 13.0, 17.0, 22.0], [24.0, 12.0, 13.0, 17.0, 21.0, 22.0], [24.0, 12.0, 13.0, 17.0, 15.0, 21.0, 22.0]]-
24.0-22.0-[[24.0, 22.0], [24.0, 12.0, 13.0, 22.0], [24.0, 12.0, 13.0, 17.0, 22.0], [24.0, 12.0, 13.0, 17.0, 21.0, 22.0], [24.0, 12.0, 13.0, 17.0, 15.0, 21.0, 22.0]]-
24.0-22.0-[[24.0, 22.0], [24.0, 12.0, 13.0, 22.0], [24.0, 12.0, 13.0, 17.0, 22.0], [24.0, 12.0, 13.0, 17.0, 21.0, 22.0], [24.0, 12.0, 13.0, 17.0, 15.0, 21.0, 22.0]]-
24.0-22.0-[[24.0, 22.0], [24.0, 12.0, 13.0, 22.0], [24.0, 12.0, 13.0, 17.0, 22.0], [24.0, 12.0, 13.0, 17.0, 21.0, 22.0], [24.0, 12.0, 13.0, 17.0, 15.0, 21.0, 22.0]]-
