2.0-5.0-[[2.0, 9.0, 5.0], [2.0, 21.0, 22.0, 13.0, 17.0, 16.0, 9.0, 8.0, 5.0], [2.0, 21.0, 22.0, 13.0, 17.0, 16.0, 9.0, 5.0], [2.0, 21.0, 22.0, 13.0, 17.0, 15.0, 16.0, 9.0, 8.0, 5.0], [2.0, 21.0, 22.0, 13.0, 17.0, 15.0, 16.0, 9.0, 5.0]]-
2.0-5.0-[[2.0, 9.0, 5.0], [2.0, 21.0, 22.0, 13.0, 17.0, 16.0, 9.0, 8.0, 5.0], [2.0, 21.0, 22.0, 13.0, 17.0, 16.0, 9.0, 5.0], [2.0, 21.0, 22.0, 13.0, 17.0, 15.0, 16.0, 9.0, 8.0, 5.0], [2.0, 21.0, 22.0, 13.0, 17.0, 15.0, 16.0, 9.0, 5.0]]-
2.0-5.0-[[2.0, 9.0, 5.0], [2.0, 21.0, 22.0, 13.0, 17.0, 16.0, 9.0, 8.0, 5.0], [2.0, 21.0, 22.0, 13.0, 17.0, 16.0, 9.0, 5.0], [2.0, 21.0, 22.0, 13.0, 17.0, 15.0, 16.0, 9.0, 8.0, 5.0], [2.0, 21.0, 22.0, 13.0, 17.0, 15.0, 16.0, 9.0, 5.0]]-
2.0-5.0-[[2.0, 9.0, 5.0], [2.0, 21.0, 22.0, 13.0, 17.0, 16.0, 9.0, 8.0, 5.0], [2.0, 21.0, 22.0, 13.0, 17.0, 16.0, 9.0, 5.0], [2.0, 21.0, 22.0, 13.0, 17.0, 15.0, 16.0, 9.0, 8.0, 5.0], [2.0, 21.0, 22.0, 13.0, 17.0, 15.0, 16.0, 9.0, 5.0]]-
2.0-5.0-[[2.0, 9.0, 5.0], [2.0, 21.0, 22.0, 13.0, 17.0, 16.0, 9.0, 8.0, 5.0], [2.0, 21.0, 22.0, 13.0, 17.0, 16.0, 9.0, 5.0], [2.0, 21.0, 22.0, 13.0, 17.0, 15.0, 16.0, 9.0, 8.0, 5.0], [2.0, 21.0, 22.0, 13.0, 17.0, 15.0, 16.0, 9.0, 5.0]]-
2.0-8.0-[[2.0, 9.0, 8.0], [2.0, 21.0, 22.0, 13.0, 17.0, 16.0, 9.0, 8.0], [2.0, 21.0, 22.0, 13.0, 17.0, 16.0, 9.0, 5.0, 8.0], [2.0, 21.0, 22.0, 13.0, 17.0, 15.0, 16.0, 9.0, 8.0], [2.0, 21.0, 22.0, 13.0, 17.0, 15.0, 16.0, 9.0, 5.0, 8.0]]-
2.0-8.0-[[2.0, 9.0, 8.0], [2.0, 21.0, 22.0, 13.0, 17.0, 16.0, 9.0, 8.0], [2.0, 21.0, 22.0, 13.0, 17.0, 16.0, 9.0, 5.0, 8.0], [2.0, 21.0, 22.0, 13.0, 17.0, 15.0, 16.0, 9.0, 8.0], [2.0, 21.0, 22.0, 13.0, 17.0, 15.0, 16.0, 9.0, 5.0, 8.0]]-
2.0-8.0-[[2.0, 9.0, 8.0], [2.0, 21.0, 22.0, 13.0, 17.0, 16.0, 9.0, 8.0], [2.0, 21.0, 22.0, 13.0, 17.0, 16.0, 9.0, 5.0, 8.0], [2.0, 21.0, 22.0, 13.0, 17.0, 15.0, 16.0, 9.0, 8.0], [2.0, 21.0, 22.0, 13.0, 17.0, 15.0, 16.0, 9.0, 5.0, 8.0]]-
2.0-8.0-[[2.0, 9.0, 8.0], [2.0, 21.0, 22.0, 13.0, 17.0, 16.0, 9.0, 8.0], [2.0, 21.0, 22.0, 13.0, 17.0, 16.0, 9.0, 5.0, 8.0], [2.0, 21.0, 22.0, 13.0, 17.0, 15.0, 16.0, 9.0, 8.0], [2.0, 21.0, 22.0, 13.0, 17.0, 15.0, 16.0, 9.0, 5.0, 8.0]]-
2.0-8.0-[[2.0, 9.0, 8.0], [2.0, 21.0, 22.0, 13.0, 17.0, 16.0, 9.0, 8.0], [2.0, 21.0, 22.0, 13.0, 17.0, 16.0, 9.0, 5.0, 8.0], [2.0, 21.0, 22.0, 13.0, 17.0, 15.0, 16.0, 9.0, 8.0], [2.0, 21.0, 22.0, 13.0, 17.0, 15.0, 16.0, 9.0, 5.0, 8.0]]-
2.0-9.0-[[2.0, 9.0], [2.0, 21.0, 22.0, 13.0, 17.0, 16.0, 9.0], [2.0, 21.0, 22.0, 13.0, 17.0, 15.0, 16.0, 9.0], [2.0, 21.0, 22.0, 13.0, 16.0, 9.0], [2.0, 21.0, 22.0, 13.0, 15.0, 17.0, 16.0, 9.0]]-
2.0-9.0-[[2.0, 9.0], [2.0, 21.0, 22.0, 13.0, 17.0, 16.0, 9.0], [2.0, 21.0, 22.0, 13.0, 17.0, 15.0, 16.0, 9.0], [2.0, 21.0, 22.0, 13.0, 16.0, 9.0], [2.0, 21.0, 22.0, 13.0, 15.0, 17.0, 16.0, 9.0]]-
2.0-9.0-[[2.0, 9.0], [2.0, 21.0, 22.0, 13.0, 17.0, 16.0, 9.0], [2.0, 21.0, 22.0, 13.0, 17.0, 15.0, 16.0, 9.0], [2.0, 21.0, 22.0, 13.0, 16.0, 9.0], [2.0, 21.0, 22.0, 13.0, 15.0, 17.0, 16.0, 9.0]]-
2.0-9.0-[[2.0, 9.0], [2.0, 21.0, 22.0, 13.0, 17.0, 16.0, 9.0], [2.0, 21.0, 22.0, 13.0, 17.0, 15.0, 16.0, 9.0], [2.0, 21.0, 22.0, 13.0, 16.0, 9.0], [2.0, 21.0, 22.0, 13.0, 15.0, 17.0, 16.0, 9.0]]-
2.0-9.0-[[2.0, 9.0], [2.0, 21.0, 22.0, 13.0, 17.0, 16.0, 9.0], [2.0, 21.0, 22.0, 13.0, 17.0, 15.0, 16.0, 9.0], [2.0, 21.0, 22.0, 13.0, 16.0, 9.0], [2.0, 21.0, 22.0, 13.0, 15.0, 17.0, 16.0, 9.0]]-
2.0-10.0-[[2.0, 15.0, 13.0, 10.0], [2.0, 17.0, 13.0, 10.0], [2.0, 16.0, 13.0, 10.0], [2.0, 9.0, 13.0, 10.0], [2.0, 21.0, 22.0, 13.0, 17.0, 16.0, 9.0, 8.0, 5.0, 14.0, 11.0, 10.0]]-
2.0-10.0-[[2.0, 15.0, 13.0, 10.0], [2.0, 17.0, 13.0, 10.0], [2.0, 16.0, 13.0, 10.0], [2.0, 9.0, 13.0, 10.0], [2.0, 21.0, 22.0, 13.0, 17.0, 16.0, 9.0, 8.0, 5.0, 14.0, 11.0, 10.0]]-
2.0-10.0-[[2.0, 15.0, 13.0, 10.0], [2.0, 17.0, 13.0, 10.0], [2.0, 16.0, 13.0, 10.0], [2.0, 9.0, 13.0, 10.0], [2.0, 21.0, 22.0, 13.0, 17.0, 16.0, 9.0, 8.0, 5.0, 14.0, 11.0, 10.0]]-
2.0-10.0-[[2.0, 15.0, 13.0, 10.0], [2.0, 17.0, 13.0, 10.0], [2.0, 16.0, 13.0, 10.0], [2.0, 9.0, 13.0, 10.0], [2.0, 21.0, 22.0, 13.0, 17.0, 16.0, 9.0, 8.0, 5.0, 14.0, 11.0, 10.0]]-
2.0-10.0-[[2.0, 15.0, 13.0, 10.0], [2.0, 17.0, 13.0, 10.0], [2.0, 16.0, 13.0, 10.0], [2.0, 9.0, 13.0, 10.0], [2.0, 21.0, 22.0, 13.0, 17.0, 16.0, 9.0, 8.0, 5.0, 14.0, 11.0, 10.0]]-
2.0-11.0-[[2.0, 15.0, 13.0, 11.0], [2.0, 17.0, 13.0, 11.0], [2.0, 16.0, 13.0, 11.0], [2.0, 9.0, 13.0, 11.0], [2.0, 21.0, 22.0, 13.0, 17.0, 16.0, 9.0, 8.0, 5.0, 14.0, 11.0]]-
2.0-11.0-[[2.0, 15.0, 13.0, 11.0], [2.0, 17.0, 13.0, 11.0], [2.0, 16.0, 13.0, 11.0], [2.0, 9.0, 13.0, 11.0], [2.0, 21.0, 22.0, 13.0, 17.0, 16.0, 9.0, 8.0, 5.0, 14.0, 11.0]]-
2.0-11.0-[[2.0, 15.0, 13.0, 11.0], [2.0, 17.0, 13.0, 11.0], [2.0, 16.0, 13.0, 11.0], [2.0, 9.0, 13.0, 11.0], [2.0, 21.0, 22.0, 13.0, 17.0, 16.0, 9.0, 8.0, 5.0, 14.0, 11.0]]-
2.0-11.0-[[2.0, 15.0, 13.0, 11.0], [2.0, 17.0, 13.0, 11.0], [2.0, 16.0, 13.0, 11.0], [2.0, 9.0, 13.0, 11.0], [2.0, 21.0, 22.0, 13.0, 17.0, 16.0, 9.0, 8.0, 5.0, 14.0, 11.0]]-
2.0-11.0-[[2.0, 15.0, 13.0, 11.0], [2.0, 17.0, 13.0, 11.0], [2.0, 16.0, 13.0, 11.0], [2.0, 9.0, 13.0, 11.0], [2.0, 21.0, 22.0, 13.0, 17.0, 16.0, 9.0, 8.0, 5.0, 14.0, 11.0]]-
2.0-13.0-[[2.0, 15.0, 13.0], [2.0, 17.0, 13.0], [2.0, 16.0, 13.0], [2.0, 9.0, 13.0], [2.0, 21.0, 22.0, 13.0]]-
2.0-13.0-[[2.0, 15.0, 13.0], [2.0, 17.0, 13.0], [2.0, 16.0, 13.0], [2.0, 9.0, 13.0], [2.0, 21.0, 22.0, 13.0]]-
2.0-13.0-[[2.0, 15.0, 13.0], [2.0, 17.0, 13.0], [2.0, 16.0, 13.0], [2.0, 9.0, 13.0], [2.0, 21.0, 22.0, 13.0]]-
2.0-13.0-[[2.0, 15.0, 13.0], [2.0, 17.0, 13.0], [2.0, 16.0, 13.0], [2.0, 9.0, 13.0], [2.0, 21.0, 22.0, 13.0]]-
2.0-13.0-[[2.0, 15.0, 13.0], [2.0, 17.0, 13.0], [2.0, 16.0, 13.0], [2.0, 9.0, 13.0], [2.0, 21.0, 22.0, 13.0]]-
2.0-14.0-[[2.0, 9.0, 5.0, 14.0], [2.0, 21.0, 22.0, 13.0, 17.0, 16.0, 9.0, 8.0, 5.0, 14.0], [2.0, 21.0, 22.0, 13.0, 17.0, 16.0, 9.0, 5.0, 14.0], [2.0, 21.0, 22.0, 13.0, 17.0, 15.0, 16.0, 9.0, 8.0, 5.0, 14.0], [2.0, 21.0, 22.0, 13.0, 17.0, 15.0, 16.0, 9.0, 5.0, 14.0]]-
2.0-14.0-[[2.0, 9.0, 5.0, 14.0], [2.0, 21.0, 22.0, 13.0, 17.0, 16.0, 9.0, 8.0, 5.0, 14.0], [2.0, 21.0, 22.0, 13.0, 17.0, 16.0, 9.0, 5.0, 14.0], [2.0, 21.0, 22.0, 13.0, 17.0, 15.0, 16.0, 9.0, 8.0, 5.0, 14.0], [2.0, 21.0, 22.0, 13.0, 17.0, 15.0, 16.0, 9.0, 5.0, 14.0]]-
2.0-14.0-[[2.0, 9.0, 5.0, 14.0], [2.0, 21.0, 22.0, 13.0, 17.0, 16.0, 9.0, 8.0, 5.0, 14.0], [2.0, 21.0, 22.0, 13.0, 17.0, 16.0, 9.0, 5.0, 14.0], [2.0, 21.0, 22.0, 13.0, 17.0, 15.0, 16.0, 9.0, 8.0, 5.0, 14.0], [2.0, 21.0, 22.0, 13.0, 17.0, 15.0, 16.0, 9.0, 5.0, 14.0]]-
2.0-14.0-[[2.0, 9.0, 5.0, 14.0], [2.0, 21.0, 22.0, 13.0, 17.0, 16.0, 9.0, 8.0, 5.0, 14.0], [2.0, 21.0, 22.0, 13.0, 17.0, 16.0, 9.0, 5.0, 14.0], [2.0, 21.0, 22.0, 13.0, 17.0, 15.0, 16.0, 9.0, 8.0, 5.0, 14.0], [2.0, 21.0, 22.0, 13.0, 17.0, 15.0, 16.0, 9.0, 5.0, 14.0]]-
2.0-14.0-[[2.0, 9.0, 5.0, 14.0], [2.0, 21.0, 22.0, 13.0, 17.0, 16.0, 9.0, 8.0, 5.0, 14.0], [2.0, 21.0, 22.0, 13.0, 17.0, 16.0, 9.0, 5.0, 14.0], [2.0, 21.0, 22.0, 13.0, 17.0, 15.0, 16.0, 9.0, 8.0, 5.0, 14.0], [2.0, 21.0, 22.0, 13.0, 17.0, 15.0, 16.0, 9.0, 5.0, 14.0]]-
2.0-15.0-[[2.0, 15.0], [2.0, 21.0, 22.0, 13.0, 17.0, 16.0, 15.0], [2.0, 21.0, 22.0, 13.0, 17.0, 15.0], [2.0, 21.0, 22.0, 13.0, 16.0, 17.0, 15.0], [2.0, 21.0, 22.0, 13.0, 16.0, 15.0]]-
2.0-15.0-[[2.0, 15.0], [2.0, 21.0, 22.0, 13.0, 17.0, 16.0, 15.0], [2.0, 21.0, 22.0, 13.0, 17.0, 15.0], [2.0, 21.0, 22.0, 13.0, 16.0, 17.0, 15.0], [2.0, 21.0, 22.0, 13.0, 16.0, 15.0]]-
2.0-15.0-[[2.0, 15.0], [2.0, 21.0, 22.0, 13.0, 17.0, 16.0, 15.0], [2.0, 21.0, 22.0, 13.0, 17.0, 15.0], [2.0, 21.0, 22.0, 13.0, 16.0, 17.0, 15.0], [2.0, 21.0, 22.0, 13.0, 16.0, 15.0]]-
2.0-15.0-[[2.0, 15.0], [2.0, 21.0, 22.0, 13.0, 17.0, 16.0, 15.0], [2.0, 21.0, 22.0, 13.0, 17.0, 15.0], [2.0, 21.0, 22.0, 13.0, 16.0, 17.0, 15.0], [2.0, 21.0, 22.0, 13.0, 16.0, 15.0]]-
2.0-15.0-[[2.0, 15.0], [2.0, 21.0, 22.0, 13.0, 17.0, 16.0, 15.0], [2.0, 21.0, 22.0, 13.0, 17.0, 15.0], [2.0, 21.0, 22.0, 13.0, 16.0, 17.0, 15.0], [2.0, 21.0, 22.0, 13.0, 16.0, 15.0]]-
2.0-16.0-[[2.0, 16.0], [2.0, 21.0, 22.0, 13.0, 17.0, 16.0], [2.0, 21.0, 22.0, 13.0, 17.0, 15.0, 16.0], [2.0, 21.0, 22.0, 13.0, 16.0], [2.0, 21.0, 22.0, 13.0, 15.0, 17.0, 16.0]]-
2.0-16.0-[[2.0, 16.0], [2.0, 21.0, 22.0, 13.0, 17.0, 16.0], [2.0, 21.0, 22.0, 13.0, 17.0, 15.0, 16.0], [2.0, 21.0, 22.0, 13.0, 16.0], [2.0, 21.0, 22.0, 13.0, 15.0, 17.0, 16.0]]-
2.0-16.0-[[2.0, 16.0], [2.0, 21.0, 22.0, 13.0, 17.0, 16.0], [2.0, 21.0, 22.0, 13.0, 17.0, 15.0, 16.0], [2.0, 21.0, 22.0, 13.0, 16.0], [2.0, 21.0, 22.0, 13.0, 15.0, 17.0, 16.0]]-
2.0-16.0-[[2.0, 16.0], [2.0, 21.0, 22.0, 13.0, 17.0, 16.0], [2.0, 21.0, 22.0, 13.0, 17.0, 15.0, 16.0], [2.0, 21.0, 22.0, 13.0, 16.0], [2.0, 21.0, 22.0, 13.0, 15.0, 17.0, 16.0]]-
2.0-16.0-[[2.0, 16.0], [2.0, 21.0, 22.0, 13.0, 17.0, 16.0], [2.0, 21.0, 22.0, 13.0, 17.0, 15.0, 16.0], [2.0, 21.0, 22.0, 13.0, 16.0], [2.0, 21.0, 22.0, 13.0, 15.0, 17.0, 16.0]]-
2.0-17.0-[[2.0, 17.0], [2.0, 21.0, 22.0, 13.0, 17.0], [2.0, 21.0, 22.0, 13.0, 16.0, 17.0], [2.0, 21.0, 22.0, 13.0, 16.0, 15.0, 17.0], [2.0, 21.0, 22.0, 13.0, 15.0, 17.0]]-
2.0-17.0-[[2.0, 17.0], [2.0, 21.0, 22.0, 13.0, 17.0], [2.0, 21.0, 22.0, 13.0, 16.0, 17.0], [2.0, 21.0, 22.0, 13.0, 16.0, 15.0, 17.0], [2.0, 21.0, 22.0, 13.0, 15.0, 17.0]]-
2.0-17.0-[[2.0, 17.0], [2.0, 21.0, 22.0, 13.0, 17.0], [2.0, 21.0, 22.0, 13.0, 16.0, 17.0], [2.0, 21.0, 22.0, 13.0, 16.0, 15.0, 17.0], [2.0, 21.0, 22.0, 13.0, 15.0, 17.0]]-
2.0-17.0-[[2.0, 17.0], [2.0, 21.0, 22.0, 13.0, 17.0], [2.0, 21.0, 22.0, 13.0, 16.0, 17.0], [2.0, 21.0, 22.0, 13.0, 16.0, 15.0, 17.0], [2.0, 21.0, 22.0, 13.0, 15.0, 17.0]]-
2.0-17.0-[[2.0, 17.0], [2.0, 21.0, 22.0, 13.0, 17.0], [2.0, 21.0, 22.0, 13.0, 16.0, 17.0], [2.0, 21.0, 22.0, 13.0, 16.0, 15.0, 17.0], [2.0, 21.0, 22.0, 13.0, 15.0, 17.0]]-
2.0-20.0-[[2.0, 20.0], [2.0, 21.0, 22.0, 13.0, 17.0, 20.0], [2.0, 21.0, 22.0, 13.0, 16.0, 17.0, 20.0], [2.0, 21.0, 22.0, 13.0, 16.0, 15.0, 17.0, 20.0], [2.0, 21.0, 22.0, 13.0, 15.0, 17.0, 20.0]]-
2.0-20.0-[[2.0, 20.0], [2.0, 21.0, 22.0, 13.0, 17.0, 20.0], [2.0, 21.0, 22.0, 13.0, 16.0, 17.0, 20.0], [2.0, 21.0, 22.0, 13.0, 16.0, 15.0, 17.0, 20.0], [2.0, 21.0, 22.0, 13.0, 15.0, 17.0, 20.0]]-
2.0-20.0-[[2.0, 20.0], [2.0, 21.0, 22.0, 13.0, 17.0, 20.0], [2.0, 21.0, 22.0, 13.0, 16.0, 17.0, 20.0], [2.0, 21.0, 22.0, 13.0, 16.0, 15.0, 17.0, 20.0], [2.0, 21.0, 22.0, 13.0, 15.0, 17.0, 20.0]]-
2.0-20.0-[[2.0, 20.0], [2.0, 21.0, 22.0, 13.0, 17.0, 20.0], [2.0, 21.0, 22.0, 13.0, 16.0, 17.0, 20.0], [2.0, 21.0, 22.0, 13.0, 16.0, 15.0, 17.0, 20.0], [2.0, 21.0, 22.0, 13.0, 15.0, 17.0, 20.0]]-
2.0-20.0-[[2.0, 20.0], [2.0, 21.0, 22.0, 13.0, 17.0, 20.0], [2.0, 21.0, 22.0, 13.0, 16.0, 17.0, 20.0], [2.0, 21.0, 22.0, 13.0, 16.0, 15.0, 17.0, 20.0], [2.0, 21.0, 22.0, 13.0, 15.0, 17.0, 20.0]]-
2.0-21.0-[[2.0, 21.0], [2.0, 20.0, 17.0, 22.0, 13.0, 16.0, 15.0, 21.0], [2.0, 20.0, 17.0, 22.0, 13.0, 15.0, 21.0], [2.0, 20.0, 17.0, 22.0, 13.0, 11.0, 14.0, 5.0, 9.0, 16.0, 15.0, 21.0], [2.0, 20.0, 17.0, 22.0, 13.0, 11.0, 14.0, 5.0, 8.0, 9.0, 16.0, 15.0, 21.0]]-
2.0-21.0-[[2.0, 21.0], [2.0, 20.0, 17.0, 22.0, 13.0, 16.0, 15.0, 21.0], [2.0, 20.0, 17.0, 22.0, 13.0, 15.0, 21.0], [2.0, 20.0, 17.0, 22.0, 13.0, 11.0, 14.0, 5.0, 9.0, 16.0, 15.0, 21.0], [2.0, 20.0, 17.0, 22.0, 13.0, 11.0, 14.0, 5.0, 8.0, 9.0, 16.0, 15.0, 21.0]]-
2.0-21.0-[[2.0, 21.0], [2.0, 20.0, 17.0, 22.0, 13.0, 16.0, 15.0, 21.0], [2.0, 20.0, 17.0, 22.0, 13.0, 15.0, 21.0], [2.0, 20.0, 17.0, 22.0, 13.0, 11.0, 14.0, 5.0, 9.0, 16.0, 15.0, 21.0], [2.0, 20.0, 17.0, 22.0, 13.0, 11.0, 14.0, 5.0, 8.0, 9.0, 16.0, 15.0, 21.0]]-
2.0-21.0-[[2.0, 21.0], [2.0, 20.0, 17.0, 22.0, 13.0, 16.0, 15.0, 21.0], [2.0, 20.0, 17.0, 22.0, 13.0, 15.0, 21.0], [2.0, 20.0, 17.0, 22.0, 13.0, 11.0, 14.0, 5.0, 9.0, 16.0, 15.0, 21.0], [2.0, 20.0, 17.0, 22.0, 13.0, 11.0, 14.0, 5.0, 8.0, 9.0, 16.0, 15.0, 21.0]]-
2.0-21.0-[[2.0, 21.0], [2.0, 20.0, 17.0, 22.0, 13.0, 16.0, 15.0, 21.0], [2.0, 20.0, 17.0, 22.0, 13.0, 15.0, 21.0], [2.0, 20.0, 17.0, 22.0, 13.0, 11.0, 14.0, 5.0, 9.0, 16.0, 15.0, 21.0], [2.0, 20.0, 17.0, 22.0, 13.0, 11.0, 14.0, 5.0, 8.0, 9.0, 16.0, 15.0, 21.0]]-
2.0-22.0-[[2.0, 9.0, 22.0], [2.0, 21.0, 22.0], [2.0, 17.0, 22.0], [2.0, 21.0, 17.0, 22.0], [2.0, 21.0, 17.0, 16.0, 15.0, 13.0, 22.0]]-
2.0-22.0-[[2.0, 9.0, 22.0], [2.0, 21.0, 22.0], [2.0, 17.0, 22.0], [2.0, 21.0, 17.0, 22.0], [2.0, 21.0, 17.0, 16.0, 15.0, 13.0, 22.0]]-
2.0-22.0-[[2.0, 9.0, 22.0], [2.0, 21.0, 22.0], [2.0, 17.0, 22.0], [2.0, 21.0, 17.0, 22.0], [2.0, 21.0, 17.0, 16.0, 15.0, 13.0, 22.0]]-
2.0-22.0-[[2.0, 9.0, 22.0], [2.0, 21.0, 22.0], [2.0, 17.0, 22.0], [2.0, 21.0, 17.0, 22.0], [2.0, 21.0, 17.0, 16.0, 15.0, 13.0, 22.0]]-
2.0-22.0-[[2.0, 9.0, 22.0], [2.0, 21.0, 22.0], [2.0, 17.0, 22.0], [2.0, 21.0, 17.0, 22.0], [2.0, 21.0, 17.0, 16.0, 15.0, 13.0, 22.0]]-
5.0-2.0-[[5.0, 9.0, 2.0], [5.0, 14.0, 11.0, 13.0, 22.0, 21.0, 17.0, 20.0, 2.0], [5.0, 14.0, 11.0, 13.0, 22.0, 21.0, 17.0, 16.0, 15.0, 2.0], [5.0, 14.0, 11.0, 13.0, 22.0, 21.0, 17.0, 16.0, 9.0, 2.0], [5.0, 14.0, 11.0, 13.0, 22.0, 21.0, 17.0, 16.0, 2.0]]-
5.0-2.0-[[5.0, 9.0, 2.0], [5.0, 14.0, 11.0, 13.0, 22.0, 21.0, 17.0, 20.0, 2.0], [5.0, 14.0, 11.0, 13.0, 22.0, 21.0, 17.0, 16.0, 15.0, 2.0], [5.0, 14.0, 11.0, 13.0, 22.0, 21.0, 17.0, 16.0, 9.0, 2.0], [5.0, 14.0, 11.0, 13.0, 22.0, 21.0, 17.0, 16.0, 2.0]]-
5.0-2.0-[[5.0, 9.0, 2.0], [5.0, 14.0, 11.0, 13.0, 22.0, 21.0, 17.0, 20.0, 2.0], [5.0, 14.0, 11.0, 13.0, 22.0, 21.0, 17.0, 16.0, 15.0, 2.0], [5.0, 14.0, 11.0, 13.0, 22.0, 21.0, 17.0, 16.0, 9.0, 2.0], [5.0, 14.0, 11.0, 13.0, 22.0, 21.0, 17.0, 16.0, 2.0]]-
5.0-2.0-[[5.0, 9.0, 2.0], [5.0, 14.0, 11.0, 13.0, 22.0, 21.0, 17.0, 20.0, 2.0], [5.0, 14.0, 11.0, 13.0, 22.0, 21.0, 17.0, 16.0, 15.0, 2.0], [5.0, 14.0, 11.0, 13.0, 22.0, 21.0, 17.0, 16.0, 9.0, 2.0], [5.0, 14.0, 11.0, 13.0, 22.0, 21.0, 17.0, 16.0, 2.0]]-
5.0-2.0-[[5.0, 9.0, 2.0], [5.0, 14.0, 11.0, 13.0, 22.0, 21.0, 17.0, 20.0, 2.0], [5.0, 14.0, 11.0, 13.0, 22.0, 21.0, 17.0, 16.0, 15.0, 2.0], [5.0, 14.0, 11.0, 13.0, 22.0, 21.0, 17.0, 16.0, 9.0, 2.0], [5.0, 14.0, 11.0, 13.0, 22.0, 21.0, 17.0, 16.0, 2.0]]-
5.0-8.0-[[5.0, 8.0], [5.0, 14.0, 11.0, 13.0, 22.0, 21.0, 17.0, 20.0, 2.0, 16.0, 9.0, 8.0], [5.0, 14.0, 11.0, 13.0, 22.0, 21.0, 17.0, 20.0, 2.0, 15.0, 16.0, 9.0, 8.0], [5.0, 14.0, 11.0, 13.0, 22.0, 21.0, 17.0, 20.0, 2.0, 9.0, 8.0], [5.0, 14.0, 11.0, 13.0, 22.0, 21.0, 17.0, 16.0, 15.0, 2.0, 9.0, 8.0]]-
5.0-8.0-[[5.0, 8.0], [5.0, 14.0, 11.0, 13.0, 22.0, 21.0, 17.0, 20.0, 2.0, 16.0, 9.0, 8.0], [5.0, 14.0, 11.0, 13.0, 22.0, 21.0, 17.0, 20.0, 2.0, 15.0, 16.0, 9.0, 8.0], [5.0, 14.0, 11.0, 13.0, 22.0, 21.0, 17.0, 20.0, 2.0, 9.0, 8.0], [5.0, 14.0, 11.0, 13.0, 22.0, 21.0, 17.0, 16.0, 15.0, 2.0, 9.0, 8.0]]-
5.0-8.0-[[5.0, 8.0], [5.0, 14.0, 11.0, 13.0, 22.0, 21.0, 17.0, 20.0, 2.0, 16.0, 9.0, 8.0], [5.0, 14.0, 11.0, 13.0, 22.0, 21.0, 17.0, 20.0, 2.0, 15.0, 16.0, 9.0, 8.0], [5.0, 14.0, 11.0, 13.0, 22.0, 21.0, 17.0, 20.0, 2.0, 9.0, 8.0], [5.0, 14.0, 11.0, 13.0, 22.0, 21.0, 17.0, 16.0, 15.0, 2.0, 9.0, 8.0]]-
5.0-8.0-[[5.0, 8.0], [5.0, 14.0, 11.0, 13.0, 22.0, 21.0, 17.0, 20.0, 2.0, 16.0, 9.0, 8.0], [5.0, 14.0, 11.0, 13.0, 22.0, 21.0, 17.0, 20.0, 2.0, 15.0, 16.0, 9.0, 8.0], [5.0, 14.0, 11.0, 13.0, 22.0, 21.0, 17.0, 20.0, 2.0, 9.0, 8.0], [5.0, 14.0, 11.0, 13.0, 22.0, 21.0, 17.0, 16.0, 15.0, 2.0, 9.0, 8.0]]-
5.0-8.0-[[5.0, 8.0], [5.0, 14.0, 11.0, 13.0, 22.0, 21.0, 17.0, 20.0, 2.0, 16.0, 9.0, 8.0], [5.0, 14.0, 11.0, 13.0, 22.0, 21.0, 17.0, 20.0, 2.0, 15.0, 16.0, 9.0, 8.0], [5.0, 14.0, 11.0, 13.0, 22.0, 21.0, 17.0, 20.0, 2.0, 9.0, 8.0], [5.0, 14.0, 11.0, 13.0, 22.0, 21.0, 17.0, 16.0, 15.0, 2.0, 9.0, 8.0]]-
5.0-9.0-[[5.0, 9.0], [5.0, 14.0, 11.0, 13.0, 22.0, 21.0, 17.0, 20.0, 2.0, 16.0, 9.0], [5.0, 14.0, 11.0, 13.0, 22.0, 21.0, 17.0, 20.0, 2.0, 15.0, 16.0, 9.0], [5.0, 14.0, 11.0, 13.0, 22.0, 21.0, 17.0, 20.0, 2.0, 9.0], [5.0, 14.0, 11.0, 13.0, 22.0, 21.0, 17.0, 16.0, 15.0, 2.0, 9.0]]-
5.0-9.0-[[5.0, 9.0], [5.0, 14.0, 11.0, 13.0, 22.0, 21.0, 17.0, 20.0, 2.0, 16.0, 9.0], [5.0, 14.0, 11.0, 13.0, 22.0, 21.0, 17.0, 20.0, 2.0, 15.0, 16.0, 9.0], [5.0, 14.0, 11.0, 13.0, 22.0, 21.0, 17.0, 20.0, 2.0, 9.0], [5.0, 14.0, 11.0, 13.0, 22.0, 21.0, 17.0, 16.0, 15.0, 2.0, 9.0]]-
5.0-9.0-[[5.0, 9.0], [5.0, 14.0, 11.0, 13.0, 22.0, 21.0, 17.0, 20.0, 2.0, 16.0, 9.0], [5.0, 14.0, 11.0, 13.0, 22.0, 21.0, 17.0, 20.0, 2.0, 15.0, 16.0, 9.0], [5.0, 14.0, 11.0, 13.0, 22.0, 21.0, 17.0, 20.0, 2.0, 9.0], [5.0, 14.0, 11.0, 13.0, 22.0, 21.0, 17.0, 16.0, 15.0, 2.0, 9.0]]-
5.0-9.0-[[5.0, 9.0], [5.0, 14.0, 11.0, 13.0, 22.0, 21.0, 17.0, 20.0, 2.0, 16.0, 9.0], [5.0, 14.0, 11.0, 13.0, 22.0, 21.0, 17.0, 20.0, 2.0, 15.0, 16.0, 9.0], [5.0, 14.0, 11.0, 13.0, 22.0, 21.0, 17.0, 20.0, 2.0, 9.0], [5.0, 14.0, 11.0, 13.0, 22.0, 21.0, 17.0, 16.0, 15.0, 2.0, 9.0]]-
5.0-9.0-[[5.0, 9.0], [5.0, 14.0, 11.0, 13.0, 22.0, 21.0, 17.0, 20.0, 2.0, 16.0, 9.0], [5.0, 14.0, 11.0, 13.0, 22.0, 21.0, 17.0, 20.0, 2.0, 15.0, 16.0, 9.0], [5.0, 14.0, 11.0, 13.0, 22.0, 21.0, 17.0, 20.0, 2.0, 9.0], [5.0, 14.0, 11.0, 13.0, 22.0, 21.0, 17.0, 16.0, 15.0, 2.0, 9.0]]-
5.0-10.0-[[5.0, 13.0, 10.0], [5.0, 14.0, 10.0], [5.0, 14.0, 11.0, 13.0, 10.0], [5.0, 14.0, 11.0, 10.0], [5.0, 13.0, 11.0, 14.0, 10.0]]-
5.0-10.0-[[5.0, 13.0, 10.0], [5.0, 14.0, 10.0], [5.0, 14.0, 11.0, 13.0, 10.0], [5.0, 14.0, 11.0, 10.0], [5.0, 13.0, 11.0, 14.0, 10.0]]-
5.0-10.0-[[5.0, 13.0, 10.0], [5.0, 14.0, 10.0], [5.0, 14.0, 11.0, 13.0, 10.0], [5.0, 14.0, 11.0, 10.0], [5.0, 13.0, 11.0, 14.0, 10.0]]-
5.0-10.0-[[5.0, 13.0, 10.0], [5.0, 14.0, 10.0], [5.0, 14.0, 11.0, 13.0, 10.0], [5.0, 14.0, 11.0, 10.0], [5.0, 13.0, 11.0, 14.0, 10.0]]-
5.0-10.0-[[5.0, 13.0, 10.0], [5.0, 14.0, 10.0], [5.0, 14.0, 11.0, 13.0, 10.0], [5.0, 14.0, 11.0, 10.0], [5.0, 13.0, 11.0, 14.0, 10.0]]-
5.0-11.0-[[5.0, 13.0, 11.0], [5.0, 14.0, 11.0], [5.0, 14.0, 10.0, 13.0, 11.0], [5.0, 14.0, 10.0, 11.0], [5.0, 13.0, 10.0, 14.0, 11.0]]-
5.0-11.0-[[5.0, 13.0, 11.0], [5.0, 14.0, 11.0], [5.0, 14.0, 10.0, 13.0, 11.0], [5.0, 14.0, 10.0, 11.0], [5.0, 13.0, 10.0, 14.0, 11.0]]-
5.0-11.0-[[5.0, 13.0, 11.0], [5.0, 14.0, 11.0], [5.0, 14.0, 10.0, 13.0, 11.0], [5.0, 14.0, 10.0, 11.0], [5.0, 13.0, 10.0, 14.0, 11.0]]-
5.0-11.0-[[5.0, 13.0, 11.0], [5.0, 14.0, 11.0], [5.0, 14.0, 10.0, 13.0, 11.0], [5.0, 14.0, 10.0, 11.0], [5.0, 13.0, 10.0, 14.0, 11.0]]-
5.0-11.0-[[5.0, 13.0, 11.0], [5.0, 14.0, 11.0], [5.0, 14.0, 10.0, 13.0, 11.0], [5.0, 14.0, 10.0, 11.0], [5.0, 13.0, 10.0, 14.0, 11.0]]-
5.0-13.0-[[5.0, 13.0], [5.0, 14.0, 11.0, 13.0], [5.0, 14.0, 11.0, 10.0, 13.0], [5.0, 14.0, 10.0, 13.0], [5.0, 14.0, 10.0, 11.0, 13.0]]-
5.0-13.0-[[5.0, 13.0], [5.0, 14.0, 11.0, 13.0], [5.0, 14.0, 11.0, 10.0, 13.0], [5.0, 14.0, 10.0, 13.0], [5.0, 14.0, 10.0, 11.0, 13.0]]-
5.0-13.0-[[5.0, 13.0], [5.0, 14.0, 11.0, 13.0], [5.0, 14.0, 11.0, 10.0, 13.0], [5.0, 14.0, 10.0, 13.0], [5.0, 14.0, 10.0, 11.0, 13.0]]-
5.0-13.0-[[5.0, 13.0], [5.0, 14.0, 11.0, 13.0], [5.0, 14.0, 11.0, 10.0, 13.0], [5.0, 14.0, 10.0, 13.0], [5.0, 14.0, 10.0, 11.0, 13.0]]-
5.0-13.0-[[5.0, 13.0], [5.0, 14.0, 11.0, 13.0], [5.0, 14.0, 11.0, 10.0, 13.0], [5.0, 14.0, 10.0, 13.0], [5.0, 14.0, 10.0, 11.0, 13.0]]-
5.0-14.0-[[5.0, 14.0], [5.0, 13.0, 11.0, 14.0], [5.0, 13.0, 11.0, 10.0, 14.0], [5.0, 13.0, 10.0, 14.0], [5.0, 13.0, 10.0, 11.0, 14.0]]-
5.0-14.0-[[5.0, 14.0], [5.0, 13.0, 11.0, 14.0], [5.0, 13.0, 11.0, 10.0, 14.0], [5.0, 13.0, 10.0, 14.0], [5.0, 13.0, 10.0, 11.0, 14.0]]-
5.0-14.0-[[5.0, 14.0], [5.0, 13.0, 11.0, 14.0], [5.0, 13.0, 11.0, 10.0, 14.0], [5.0, 13.0, 10.0, 14.0], [5.0, 13.0, 10.0, 11.0, 14.0]]-
5.0-14.0-[[5.0, 14.0], [5.0, 13.0, 11.0, 14.0], [5.0, 13.0, 11.0, 10.0, 14.0], [5.0, 13.0, 10.0, 14.0], [5.0, 13.0, 10.0, 11.0, 14.0]]-
5.0-14.0-[[5.0, 14.0], [5.0, 13.0, 11.0, 14.0], [5.0, 13.0, 11.0, 10.0, 14.0], [5.0, 13.0, 10.0, 14.0], [5.0, 13.0, 10.0, 11.0, 14.0]]-
5.0-15.0-[[5.0, 13.0, 15.0], [5.0, 14.0, 11.0, 13.0, 22.0, 21.0, 17.0, 20.0, 2.0, 16.0, 15.0], [5.0, 14.0, 11.0, 13.0, 22.0, 21.0, 17.0, 20.0, 2.0, 15.0], [5.0, 14.0, 11.0, 13.0, 22.0, 21.0, 17.0, 20.0, 2.0, 9.0, 16.0, 15.0], [5.0, 14.0, 11.0, 13.0, 22.0, 21.0, 17.0, 16.0, 15.0]]-
5.0-15.0-[[5.0, 13.0, 15.0], [5.0, 14.0, 11.0, 13.0, 22.0, 21.0, 17.0, 20.0, 2.0, 16.0, 15.0], [5.0, 14.0, 11.0, 13.0, 22.0, 21.0, 17.0, 20.0, 2.0, 15.0], [5.0, 14.0, 11.0, 13.0, 22.0, 21.0, 17.0, 20.0, 2.0, 9.0, 16.0, 15.0], [5.0, 14.0, 11.0, 13.0, 22.0, 21.0, 17.0, 16.0, 15.0]]-
5.0-15.0-[[5.0, 13.0, 15.0], [5.0, 14.0, 11.0, 13.0, 22.0, 21.0, 17.0, 20.0, 2.0, 16.0, 15.0], [5.0, 14.0, 11.0, 13.0, 22.0, 21.0, 17.0, 20.0, 2.0, 15.0], [5.0, 14.0, 11.0, 13.0, 22.0, 21.0, 17.0, 20.0, 2.0, 9.0, 16.0, 15.0], [5.0, 14.0, 11.0, 13.0, 22.0, 21.0, 17.0, 16.0, 15.0]]-
5.0-15.0-[[5.0, 13.0, 15.0], [5.0, 14.0, 11.0, 13.0, 22.0, 21.0, 17.0, 20.0, 2.0, 16.0, 15.0], [5.0, 14.0, 11.0, 13.0, 22.0, 21.0, 17.0, 20.0, 2.0, 15.0], [5.0, 14.0, 11.0, 13.0, 22.0, 21.0, 17.0, 20.0, 2.0, 9.0, 16.0, 15.0], [5.0, 14.0, 11.0, 13.0, 22.0, 21.0, 17.0, 16.0, 15.0]]-
5.0-15.0-[[5.0, 13.0, 15.0], [5.0, 14.0, 11.0, 13.0, 22.0, 21.0, 17.0, 20.0, 2.0, 16.0, 15.0], [5.0, 14.0, 11.0, 13.0, 22.0, 21.0, 17.0, 20.0, 2.0, 15.0], [5.0, 14.0, 11.0, 13.0, 22.0, 21.0, 17.0, 20.0, 2.0, 9.0, 16.0, 15.0], [5.0, 14.0, 11.0, 13.0, 22.0, 21.0, 17.0, 16.0, 15.0]]-
5.0-16.0-[[5.0, 9.0, 16.0], [5.0, 13.0, 16.0], [5.0, 14.0, 11.0, 13.0, 22.0, 21.0, 17.0, 20.0, 2.0, 16.0], [5.0, 14.0, 11.0, 13.0, 22.0, 21.0, 17.0, 20.0, 2.0, 15.0, 16.0], [5.0, 14.0, 11.0, 13.0, 22.0, 21.0, 17.0, 20.0, 2.0, 9.0, 16.0]]-
5.0-16.0-[[5.0, 9.0, 16.0], [5.0, 13.0, 16.0], [5.0, 14.0, 11.0, 13.0, 22.0, 21.0, 17.0, 20.0, 2.0, 16.0], [5.0, 14.0, 11.0, 13.0, 22.0, 21.0, 17.0, 20.0, 2.0, 15.0, 16.0], [5.0, 14.0, 11.0, 13.0, 22.0, 21.0, 17.0, 20.0, 2.0, 9.0, 16.0]]-
5.0-16.0-[[5.0, 9.0, 16.0], [5.0, 13.0, 16.0], [5.0, 14.0, 11.0, 13.0, 22.0, 21.0, 17.0, 20.0, 2.0, 16.0], [5.0, 14.0, 11.0, 13.0, 22.0, 21.0, 17.0, 20.0, 2.0, 15.0, 16.0], [5.0, 14.0, 11.0, 13.0, 22.0, 21.0, 17.0, 20.0, 2.0, 9.0, 16.0]]-
5.0-16.0-[[5.0, 9.0, 16.0], [5.0, 13.0, 16.0], [5.0, 14.0, 11.0, 13.0, 22.0, 21.0, 17.0, 20.0, 2.0, 16.0], [5.0, 14.0, 11.0, 13.0, 22.0, 21.0, 17.0, 20.0, 2.0, 15.0, 16.0], [5.0, 14.0, 11.0, 13.0, 22.0, 21.0, 17.0, 20.0, 2.0, 9.0, 16.0]]-
5.0-16.0-[[5.0, 9.0, 16.0], [5.0, 13.0, 16.0], [5.0, 14.0, 11.0, 13.0, 22.0, 21.0, 17.0, 20.0, 2.0, 16.0], [5.0, 14.0, 11.0, 13.0, 22.0, 21.0, 17.0, 20.0, 2.0, 15.0, 16.0], [5.0, 14.0, 11.0, 13.0, 22.0, 21.0, 17.0, 20.0, 2.0, 9.0, 16.0]]-
5.0-17.0-[[5.0, 13.0, 17.0], [5.0, 14.0, 11.0, 13.0, 22.0, 21.0, 17.0], [5.0, 14.0, 11.0, 13.0, 22.0, 21.0, 15.0, 17.0], [5.0, 14.0, 11.0, 13.0, 22.0, 21.0, 15.0, 16.0, 17.0], [5.0, 14.0, 11.0, 13.0, 22.0, 21.0, 15.0, 16.0, 9.0, 2.0, 20.0, 17.0]]-
5.0-17.0-[[5.0, 13.0, 17.0], [5.0, 14.0, 11.0, 13.0, 22.0, 21.0, 17.0], [5.0, 14.0, 11.0, 13.0, 22.0, 21.0, 15.0, 17.0], [5.0, 14.0, 11.0, 13.0, 22.0, 21.0, 15.0, 16.0, 17.0], [5.0, 14.0, 11.0, 13.0, 22.0, 21.0, 15.0, 16.0, 9.0, 2.0, 20.0, 17.0]]-
5.0-17.0-[[5.0, 13.0, 17.0], [5.0, 14.0, 11.0, 13.0, 22.0, 21.0, 17.0], [5.0, 14.0, 11.0, 13.0, 22.0, 21.0, 15.0, 17.0], [5.0, 14.0, 11.0, 13.0, 22.0, 21.0, 15.0, 16.0, 17.0], [5.0, 14.0, 11.0, 13.0, 22.0, 21.0, 15.0, 16.0, 9.0, 2.0, 20.0, 17.0]]-
5.0-17.0-[[5.0, 13.0, 17.0], [5.0, 14.0, 11.0, 13.0, 22.0, 21.0, 17.0], [5.0, 14.0, 11.0, 13.0, 22.0, 21.0, 15.0, 17.0], [5.0, 14.0, 11.0, 13.0, 22.0, 21.0, 15.0, 16.0, 17.0], [5.0, 14.0, 11.0, 13.0, 22.0, 21.0, 15.0, 16.0, 9.0, 2.0, 20.0, 17.0]]-
5.0-17.0-[[5.0, 13.0, 17.0], [5.0, 14.0, 11.0, 13.0, 22.0, 21.0, 17.0], [5.0, 14.0, 11.0, 13.0, 22.0, 21.0, 15.0, 17.0], [5.0, 14.0, 11.0, 13.0, 22.0, 21.0, 15.0, 16.0, 17.0], [5.0, 14.0, 11.0, 13.0, 22.0, 21.0, 15.0, 16.0, 9.0, 2.0, 20.0, 17.0]]-
5.0-20.0-[[5.0, 9.0, 2.0, 20.0], [5.0, 13.0, 17.0, 20.0], [5.0, 14.0, 11.0, 13.0, 22.0, 21.0, 17.0, 20.0], [5.0, 14.0, 11.0, 13.0, 22.0, 21.0, 17.0, 16.0, 15.0, 2.0, 20.0], [5.0, 14.0, 11.0, 13.0, 22.0, 21.0, 17.0, 16.0, 9.0, 2.0, 20.0]]-
5.0-20.0-[[5.0, 9.0, 2.0, 20.0], [5.0, 13.0, 17.0, 20.0], [5.0, 14.0, 11.0, 13.0, 22.0, 21.0, 17.0, 20.0], [5.0, 14.0, 11.0, 13.0, 22.0, 21.0, 17.0, 16.0, 15.0, 2.0, 20.0], [5.0, 14.0, 11.0, 13.0, 22.0, 21.0, 17.0, 16.0, 9.0, 2.0, 20.0]]-
5.0-20.0-[[5.0, 9.0, 2.0, 20.0], [5.0, 13.0, 17.0, 20.0], [5.0, 14.0, 11.0, 13.0, 22.0, 21.0, 17.0, 20.0], [5.0, 14.0, 11.0, 13.0, 22.0, 21.0, 17.0, 16.0, 15.0, 2.0, 20.0], [5.0, 14.0, 11.0, 13.0, 22.0, 21.0, 17.0, 16.0, 9.0, 2.0, 20.0]]-
5.0-20.0-[[5.0, 9.0, 2.0, 20.0], [5.0, 13.0, 17.0, 20.0], [5.0, 14.0, 11.0, 13.0, 22.0, 21.0, 17.0, 20.0], [5.0, 14.0, 11.0, 13.0, 22.0, 21.0, 17.0, 16.0, 15.0, 2.0, 20.0], [5.0, 14.0, 11.0, 13.0, 22.0, 21.0, 17.0, 16.0, 9.0, 2.0, 20.0]]-
5.0-20.0-[[5.0, 9.0, 2.0, 20.0], [5.0, 13.0, 17.0, 20.0], [5.0, 14.0, 11.0, 13.0, 22.0, 21.0, 17.0, 20.0], [5.0, 14.0, 11.0, 13.0, 22.0, 21.0, 17.0, 16.0, 15.0, 2.0, 20.0], [5.0, 14.0, 11.0, 13.0, 22.0, 21.0, 17.0, 16.0, 9.0, 2.0, 20.0]]-
5.0-21.0-[[5.0, 9.0, 2.0, 21.0], [5.0, 13.0, 17.0, 21.0], [5.0, 9.0, 22.0, 21.0], [5.0, 13.0, 15.0, 21.0], [5.0, 13.0, 22.0, 21.0]]-
5.0-21.0-[[5.0, 9.0, 2.0, 21.0], [5.0, 13.0, 17.0, 21.0], [5.0, 9.0, 22.0, 21.0], [5.0, 13.0, 15.0, 21.0], [5.0, 13.0, 22.0, 21.0]]-
5.0-21.0-[[5.0, 9.0, 2.0, 21.0], [5.0, 13.0, 17.0, 21.0], [5.0, 9.0, 22.0, 21.0], [5.0, 13.0, 15.0, 21.0], [5.0, 13.0, 22.0, 21.0]]-
5.0-21.0-[[5.0, 9.0, 2.0, 21.0], [5.0, 13.0, 17.0, 21.0], [5.0, 9.0, 22.0, 21.0], [5.0, 13.0, 15.0, 21.0], [5.0, 13.0, 22.0, 21.0]]-
5.0-21.0-[[5.0, 9.0, 2.0, 21.0], [5.0, 13.0, 17.0, 21.0], [5.0, 9.0, 22.0, 21.0], [5.0, 13.0, 15.0, 21.0], [5.0, 13.0, 22.0, 21.0]]-
5.0-22.0-[[5.0, 9.0, 22.0], [5.0, 13.0, 22.0], [5.0, 14.0, 11.0, 13.0, 22.0], [5.0, 14.0, 11.0, 13.0, 17.0, 22.0], [5.0, 14.0, 11.0, 13.0, 17.0, 21.0, 22.0]]-
5.0-22.0-[[5.0, 9.0, 22.0], [5.0, 13.0, 22.0], [5.0, 14.0, 11.0, 13.0, 22.0], [5.0, 14.0, 11.0, 13.0, 17.0, 22.0], [5.0, 14.0, 11.0, 13.0, 17.0, 21.0, 22.0]]-
5.0-22.0-[[5.0, 9.0, 22.0], [5.0, 13.0, 22.0], [5.0, 14.0, 11.0, 13.0, 22.0], [5.0, 14.0, 11.0, 13.0, 17.0, 22.0], [5.0, 14.0, 11.0, 13.0, 17.0, 21.0, 22.0]]-
5.0-22.0-[[5.0, 9.0, 22.0], [5.0, 13.0, 22.0], [5.0, 14.0, 11.0, 13.0, 22.0], [5.0, 14.0, 11.0, 13.0, 17.0, 22.0], [5.0, 14.0, 11.0, 13.0, 17.0, 21.0, 22.0]]-
5.0-22.0-[[5.0, 9.0, 22.0], [5.0, 13.0, 22.0], [5.0, 14.0, 11.0, 13.0, 22.0], [5.0, 14.0, 11.0, 13.0, 17.0, 22.0], [5.0, 14.0, 11.0, 13.0, 17.0, 21.0, 22.0]]-
8.0-2.0-[[8.0, 9.0, 2.0], [8.0, 13.0, 22.0, 21.0, 17.0, 20.0, 2.0], [8.0, 13.0, 22.0, 21.0, 17.0, 16.0, 15.0, 2.0], [8.0, 13.0, 22.0, 21.0, 17.0, 16.0, 9.0, 2.0], [8.0, 13.0, 22.0, 21.0, 17.0, 16.0, 2.0]]-
8.0-2.0-[[8.0, 9.0, 2.0], [8.0, 13.0, 22.0, 21.0, 17.0, 20.0, 2.0], [8.0, 13.0, 22.0, 21.0, 17.0, 16.0, 15.0, 2.0], [8.0, 13.0, 22.0, 21.0, 17.0, 16.0, 9.0, 2.0], [8.0, 13.0, 22.0, 21.0, 17.0, 16.0, 2.0]]-
8.0-2.0-[[8.0, 9.0, 2.0], [8.0, 13.0, 22.0, 21.0, 17.0, 20.0, 2.0], [8.0, 13.0, 22.0, 21.0, 17.0, 16.0, 15.0, 2.0], [8.0, 13.0, 22.0, 21.0, 17.0, 16.0, 9.0, 2.0], [8.0, 13.0, 22.0, 21.0, 17.0, 16.0, 2.0]]-
8.0-2.0-[[8.0, 9.0, 2.0], [8.0, 13.0, 22.0, 21.0, 17.0, 20.0, 2.0], [8.0, 13.0, 22.0, 21.0, 17.0, 16.0, 15.0, 2.0], [8.0, 13.0, 22.0, 21.0, 17.0, 16.0, 9.0, 2.0], [8.0, 13.0, 22.0, 21.0, 17.0, 16.0, 2.0]]-
8.0-2.0-[[8.0, 9.0, 2.0], [8.0, 13.0, 22.0, 21.0, 17.0, 20.0, 2.0], [8.0, 13.0, 22.0, 21.0, 17.0, 16.0, 15.0, 2.0], [8.0, 13.0, 22.0, 21.0, 17.0, 16.0, 9.0, 2.0], [8.0, 13.0, 22.0, 21.0, 17.0, 16.0, 2.0]]-
8.0-5.0-[[8.0, 5.0], [8.0, 13.0, 22.0, 21.0, 17.0, 20.0, 2.0, 16.0, 9.0, 5.0], [8.0, 13.0, 22.0, 21.0, 17.0, 20.0, 2.0, 15.0, 16.0, 9.0, 5.0], [8.0, 13.0, 22.0, 21.0, 17.0, 20.0, 2.0, 9.0, 5.0], [8.0, 13.0, 22.0, 21.0, 17.0, 16.0, 15.0, 2.0, 9.0, 5.0]]-
8.0-5.0-[[8.0, 5.0], [8.0, 13.0, 22.0, 21.0, 17.0, 20.0, 2.0, 16.0, 9.0, 5.0], [8.0, 13.0, 22.0, 21.0, 17.0, 20.0, 2.0, 15.0, 16.0, 9.0, 5.0], [8.0, 13.0, 22.0, 21.0, 17.0, 20.0, 2.0, 9.0, 5.0], [8.0, 13.0, 22.0, 21.0, 17.0, 16.0, 15.0, 2.0, 9.0, 5.0]]-
8.0-5.0-[[8.0, 5.0], [8.0, 13.0, 22.0, 21.0, 17.0, 20.0, 2.0, 16.0, 9.0, 5.0], [8.0, 13.0, 22.0, 21.0, 17.0, 20.0, 2.0, 15.0, 16.0, 9.0, 5.0], [8.0, 13.0, 22.0, 21.0, 17.0, 20.0, 2.0, 9.0, 5.0], [8.0, 13.0, 22.0, 21.0, 17.0, 16.0, 15.0, 2.0, 9.0, 5.0]]-
8.0-5.0-[[8.0, 5.0], [8.0, 13.0, 22.0, 21.0, 17.0, 20.0, 2.0, 16.0, 9.0, 5.0], [8.0, 13.0, 22.0, 21.0, 17.0, 20.0, 2.0, 15.0, 16.0, 9.0, 5.0], [8.0, 13.0, 22.0, 21.0, 17.0, 20.0, 2.0, 9.0, 5.0], [8.0, 13.0, 22.0, 21.0, 17.0, 16.0, 15.0, 2.0, 9.0, 5.0]]-
8.0-5.0-[[8.0, 5.0], [8.0, 13.0, 22.0, 21.0, 17.0, 20.0, 2.0, 16.0, 9.0, 5.0], [8.0, 13.0, 22.0, 21.0, 17.0, 20.0, 2.0, 15.0, 16.0, 9.0, 5.0], [8.0, 13.0, 22.0, 21.0, 17.0, 20.0, 2.0, 9.0, 5.0], [8.0, 13.0, 22.0, 21.0, 17.0, 16.0, 15.0, 2.0, 9.0, 5.0]]-
8.0-9.0-[[8.0, 9.0], [8.0, 13.0, 22.0, 21.0, 17.0, 20.0, 2.0, 16.0, 9.0], [8.0, 13.0, 22.0, 21.0, 17.0, 20.0, 2.0, 15.0, 16.0, 9.0], [8.0, 13.0, 22.0, 21.0, 17.0, 20.0, 2.0, 9.0], [8.0, 13.0, 22.0, 21.0, 17.0, 16.0, 15.0, 2.0, 9.0]]-
8.0-9.0-[[8.0, 9.0], [8.0, 13.0, 22.0, 21.0, 17.0, 20.0, 2.0, 16.0, 9.0], [8.0, 13.0, 22.0, 21.0, 17.0, 20.0, 2.0, 15.0, 16.0, 9.0], [8.0, 13.0, 22.0, 21.0, 17.0, 20.0, 2.0, 9.0], [8.0, 13.0, 22.0, 21.0, 17.0, 16.0, 15.0, 2.0, 9.0]]-
8.0-9.0-[[8.0, 9.0], [8.0, 13.0, 22.0, 21.0, 17.0, 20.0, 2.0, 16.0, 9.0], [8.0, 13.0, 22.0, 21.0, 17.0, 20.0, 2.0, 15.0, 16.0, 9.0], [8.0, 13.0, 22.0, 21.0, 17.0, 20.0, 2.0, 9.0], [8.0, 13.0, 22.0, 21.0, 17.0, 16.0, 15.0, 2.0, 9.0]]-
8.0-9.0-[[8.0, 9.0], [8.0, 13.0, 22.0, 21.0, 17.0, 20.0, 2.0, 16.0, 9.0], [8.0, 13.0, 22.0, 21.0, 17.0, 20.0, 2.0, 15.0, 16.0, 9.0], [8.0, 13.0, 22.0, 21.0, 17.0, 20.0, 2.0, 9.0], [8.0, 13.0, 22.0, 21.0, 17.0, 16.0, 15.0, 2.0, 9.0]]-
8.0-9.0-[[8.0, 9.0], [8.0, 13.0, 22.0, 21.0, 17.0, 20.0, 2.0, 16.0, 9.0], [8.0, 13.0, 22.0, 21.0, 17.0, 20.0, 2.0, 15.0, 16.0, 9.0], [8.0, 13.0, 22.0, 21.0, 17.0, 20.0, 2.0, 9.0], [8.0, 13.0, 22.0, 21.0, 17.0, 16.0, 15.0, 2.0, 9.0]]-
8.0-10.0-[[8.0, 13.0, 10.0], [8.0, 13.0, 22.0, 21.0, 17.0, 20.0, 2.0, 16.0, 9.0, 5.0, 14.0, 11.0, 10.0], [8.0, 13.0, 22.0, 21.0, 17.0, 20.0, 2.0, 16.0, 9.0, 5.0, 14.0, 10.0], [8.0, 13.0, 22.0, 21.0, 17.0, 20.0, 2.0, 15.0, 16.0, 9.0, 5.0, 14.0, 11.0, 10.0], [8.0, 13.0, 22.0, 21.0, 17.0, 20.0, 2.0, 15.0, 16.0, 9.0, 5.0, 14.0, 10.0]]-
8.0-10.0-[[8.0, 13.0, 10.0], [8.0, 13.0, 22.0, 21.0, 17.0, 20.0, 2.0, 16.0, 9.0, 5.0, 14.0, 11.0, 10.0], [8.0, 13.0, 22.0, 21.0, 17.0, 20.0, 2.0, 16.0, 9.0, 5.0, 14.0, 10.0], [8.0, 13.0, 22.0, 21.0, 17.0, 20.0, 2.0, 15.0, 16.0, 9.0, 5.0, 14.0, 11.0, 10.0], [8.0, 13.0, 22.0, 21.0, 17.0, 20.0, 2.0, 15.0, 16.0, 9.0, 5.0, 14.0, 10.0]]-
8.0-10.0-[[8.0, 13.0, 10.0], [8.0, 13.0, 22.0, 21.0, 17.0, 20.0, 2.0, 16.0, 9.0, 5.0, 14.0, 11.0, 10.0], [8.0, 13.0, 22.0, 21.0, 17.0, 20.0, 2.0, 16.0, 9.0, 5.0, 14.0, 10.0], [8.0, 13.0, 22.0, 21.0, 17.0, 20.0, 2.0, 15.0, 16.0, 9.0, 5.0, 14.0, 11.0, 10.0], [8.0, 13.0, 22.0, 21.0, 17.0, 20.0, 2.0, 15.0, 16.0, 9.0, 5.0, 14.0, 10.0]]-
8.0-10.0-[[8.0, 13.0, 10.0], [8.0, 13.0, 22.0, 21.0, 17.0, 20.0, 2.0, 16.0, 9.0, 5.0, 14.0, 11.0, 10.0], [8.0, 13.0, 22.0, 21.0, 17.0, 20.0, 2.0, 16.0, 9.0, 5.0, 14.0, 10.0], [8.0, 13.0, 22.0, 21.0, 17.0, 20.0, 2.0, 15.0, 16.0, 9.0, 5.0, 14.0, 11.0, 10.0], [8.0, 13.0, 22.0, 21.0, 17.0, 20.0, 2.0, 15.0, 16.0, 9.0, 5.0, 14.0, 10.0]]-
8.0-10.0-[[8.0, 13.0, 10.0], [8.0, 13.0, 22.0, 21.0, 17.0, 20.0, 2.0, 16.0, 9.0, 5.0, 14.0, 11.0, 10.0], [8.0, 13.0, 22.0, 21.0, 17.0, 20.0, 2.0, 16.0, 9.0, 5.0, 14.0, 10.0], [8.0, 13.0, 22.0, 21.0, 17.0, 20.0, 2.0, 15.0, 16.0, 9.0, 5.0, 14.0, 11.0, 10.0], [8.0, 13.0, 22.0, 21.0, 17.0, 20.0, 2.0, 15.0, 16.0, 9.0, 5.0, 14.0, 10.0]]-
8.0-11.0-[[8.0, 13.0, 11.0], [8.0, 13.0, 22.0, 21.0, 17.0, 20.0, 2.0, 16.0, 9.0, 5.0, 14.0, 11.0], [8.0, 13.0, 22.0, 21.0, 17.0, 20.0, 2.0, 16.0, 9.0, 5.0, 14.0, 10.0, 11.0], [8.0, 13.0, 22.0, 21.0, 17.0, 20.0, 2.0, 15.0, 16.0, 9.0, 5.0, 14.0, 11.0], [8.0, 13.0, 22.0, 21.0, 17.0, 20.0, 2.0, 15.0, 16.0, 9.0, 5.0, 14.0, 10.0, 11.0]]-
8.0-11.0-[[8.0, 13.0, 11.0], [8.0, 13.0, 22.0, 21.0, 17.0, 20.0, 2.0, 16.0, 9.0, 5.0, 14.0, 11.0], [8.0, 13.0, 22.0, 21.0, 17.0, 20.0, 2.0, 16.0, 9.0, 5.0, 14.0, 10.0, 11.0], [8.0, 13.0, 22.0, 21.0, 17.0, 20.0, 2.0, 15.0, 16.0, 9.0, 5.0, 14.0, 11.0], [8.0, 13.0, 22.0, 21.0, 17.0, 20.0, 2.0, 15.0, 16.0, 9.0, 5.0, 14.0, 10.0, 11.0]]-
8.0-11.0-[[8.0, 13.0, 11.0], [8.0, 13.0, 22.0, 21.0, 17.0, 20.0, 2.0, 16.0, 9.0, 5.0, 14.0, 11.0], [8.0, 13.0, 22.0, 21.0, 17.0, 20.0, 2.0, 16.0, 9.0, 5.0, 14.0, 10.0, 11.0], [8.0, 13.0, 22.0, 21.0, 17.0, 20.0, 2.0, 15.0, 16.0, 9.0, 5.0, 14.0, 11.0], [8.0, 13.0, 22.0, 21.0, 17.0, 20.0, 2.0, 15.0, 16.0, 9.0, 5.0, 14.0, 10.0, 11.0]]-
8.0-11.0-[[8.0, 13.0, 11.0], [8.0, 13.0, 22.0, 21.0, 17.0, 20.0, 2.0, 16.0, 9.0, 5.0, 14.0, 11.0], [8.0, 13.0, 22.0, 21.0, 17.0, 20.0, 2.0, 16.0, 9.0, 5.0, 14.0, 10.0, 11.0], [8.0, 13.0, 22.0, 21.0, 17.0, 20.0, 2.0, 15.0, 16.0, 9.0, 5.0, 14.0, 11.0], [8.0, 13.0, 22.0, 21.0, 17.0, 20.0, 2.0, 15.0, 16.0, 9.0, 5.0, 14.0, 10.0, 11.0]]-
8.0-11.0-[[8.0, 13.0, 11.0], [8.0, 13.0, 22.0, 21.0, 17.0, 20.0, 2.0, 16.0, 9.0, 5.0, 14.0, 11.0], [8.0, 13.0, 22.0, 21.0, 17.0, 20.0, 2.0, 16.0, 9.0, 5.0, 14.0, 10.0, 11.0], [8.0, 13.0, 22.0, 21.0, 17.0, 20.0, 2.0, 15.0, 16.0, 9.0, 5.0, 14.0, 11.0], [8.0, 13.0, 22.0, 21.0, 17.0, 20.0, 2.0, 15.0, 16.0, 9.0, 5.0, 14.0, 10.0, 11.0]]-
8.0-13.0-[[8.0, 13.0], [8.0, 9.0, 22.0, 13.0], [8.0, 9.0, 22.0, 21.0, 17.0, 20.0, 2.0, 16.0, 15.0, 13.0], [8.0, 9.0, 22.0, 21.0, 17.0, 20.0, 2.0, 16.0, 13.0], [8.0, 9.0, 22.0, 21.0, 17.0, 20.0, 2.0, 15.0, 16.0, 13.0]]-
8.0-13.0-[[8.0, 13.0], [8.0, 9.0, 22.0, 13.0], [8.0, 9.0, 22.0, 21.0, 17.0, 20.0, 2.0, 16.0, 15.0, 13.0], [8.0, 9.0, 22.0, 21.0, 17.0, 20.0, 2.0, 16.0, 13.0], [8.0, 9.0, 22.0, 21.0, 17.0, 20.0, 2.0, 15.0, 16.0, 13.0]]-
8.0-13.0-[[8.0, 13.0], [8.0, 9.0, 22.0, 13.0], [8.0, 9.0, 22.0, 21.0, 17.0, 20.0, 2.0, 16.0, 15.0, 13.0], [8.0, 9.0, 22.0, 21.0, 17.0, 20.0, 2.0, 16.0, 13.0], [8.0, 9.0, 22.0, 21.0, 17.0, 20.0, 2.0, 15.0, 16.0, 13.0]]-
8.0-13.0-[[8.0, 13.0], [8.0, 9.0, 22.0, 13.0], [8.0, 9.0, 22.0, 21.0, 17.0, 20.0, 2.0, 16.0, 15.0, 13.0], [8.0, 9.0, 22.0, 21.0, 17.0, 20.0, 2.0, 16.0, 13.0], [8.0, 9.0, 22.0, 21.0, 17.0, 20.0, 2.0, 15.0, 16.0, 13.0]]-
8.0-13.0-[[8.0, 13.0], [8.0, 9.0, 22.0, 13.0], [8.0, 9.0, 22.0, 21.0, 17.0, 20.0, 2.0, 16.0, 15.0, 13.0], [8.0, 9.0, 22.0, 21.0, 17.0, 20.0, 2.0, 16.0, 13.0], [8.0, 9.0, 22.0, 21.0, 17.0, 20.0, 2.0, 15.0, 16.0, 13.0]]-
