5.0-10.0-[[5.0, 14.0, 10.0], [5.0, 14.0, 11.0, 10.0]]-
5.0-10.0-[[5.0, 14.0, 10.0], [5.0, 14.0, 11.0, 10.0]]-
5.0-11.0-[[5.0, 14.0, 11.0], [5.0, 14.0, 10.0, 11.0]]-
5.0-11.0-[[5.0, 14.0, 11.0], [5.0, 14.0, 10.0, 11.0]]-
5.0-14.0-[[5.0, 14.0]]-
10.0-5.0-[[10.0, 14.0, 5.0], [10.0, 11.0, 14.0, 5.0]]-
10.0-5.0-[[10.0, 14.0, 5.0], [10.0, 11.0, 14.0, 5.0]]-
10.0-11.0-[[10.0, 11.0], [10.0, 14.0, 11.0]]-
10.0-11.0-[[10.0, 11.0], [10.0, 14.0, 11.0]]-
10.0-14.0-[[10.0, 14.0], [10.0, 11.0, 14.0]]-
10.0-14.0-[[10.0, 14.0], [10.0, 11.0, 14.0]]-
11.0-5.0-[[11.0, 14.0, 5.0], [11.0, 10.0, 14.0, 5.0]]-
11.0-5.0-[[11.0, 14.0, 5.0], [11.0, 10.0, 14.0, 5.0]]-
11.0-10.0-[[11.0, 10.0], [11.0, 14.0, 10.0]]-
11.0-10.0-[[11.0, 10.0], [11.0, 14.0, 10.0]]-
11.0-14.0-[[11.0, 14.0], [11.0, 10.0, 14.0]]-
11.0-14.0-[[11.0, 14.0], [11.0, 10.0, 14.0]]-
14.0-5.0-[[14.0, 5.0]]-
14.0-10.0-[[14.0, 10.0], [14.0, 11.0, 10.0]]-
14.0-10.0-[[14.0, 10.0], [14.0, 11.0, 10.0]]-
14.0-11.0-[[14.0, 11.0], [14.0, 10.0, 11.0]]-
14.0-11.0-[[14.0, 11.0], [14.0, 10.0, 11.0]]-
