2.0-3.0-[[2.0, 3.0], [2.0, 16.0, 9.0, 8.0, 3.0], [2.0, 16.0, 9.0, 3.0], [2.0, 9.0, 8.0, 3.0], [2.0, 9.0, 3.0]]-
2.0-3.0-[[2.0, 3.0], [2.0, 16.0, 9.0, 8.0, 3.0], [2.0, 16.0, 9.0, 3.0], [2.0, 9.0, 8.0, 3.0], [2.0, 9.0, 3.0]]-
2.0-3.0-[[2.0, 3.0], [2.0, 16.0, 9.0, 8.0, 3.0], [2.0, 16.0, 9.0, 3.0], [2.0, 9.0, 8.0, 3.0], [2.0, 9.0, 3.0]]-
2.0-3.0-[[2.0, 3.0], [2.0, 16.0, 9.0, 8.0, 3.0], [2.0, 16.0, 9.0, 3.0], [2.0, 9.0, 8.0, 3.0], [2.0, 9.0, 3.0]]-
2.0-3.0-[[2.0, 3.0], [2.0, 16.0, 9.0, 8.0, 3.0], [2.0, 16.0, 9.0, 3.0], [2.0, 9.0, 8.0, 3.0], [2.0, 9.0, 3.0]]-
2.0-8.0-[[2.0, 3.0, 8.0], [2.0, 9.0, 8.0], [2.0, 16.0, 9.0, 8.0], [2.0, 16.0, 9.0, 3.0, 8.0], [2.0, 9.0, 3.0, 8.0]]-
2.0-8.0-[[2.0, 3.0, 8.0], [2.0, 9.0, 8.0], [2.0, 16.0, 9.0, 8.0], [2.0, 16.0, 9.0, 3.0, 8.0], [2.0, 9.0, 3.0, 8.0]]-
2.0-8.0-[[2.0, 3.0, 8.0], [2.0, 9.0, 8.0], [2.0, 16.0, 9.0, 8.0], [2.0, 16.0, 9.0, 3.0, 8.0], [2.0, 9.0, 3.0, 8.0]]-
2.0-8.0-[[2.0, 3.0, 8.0], [2.0, 9.0, 8.0], [2.0, 16.0, 9.0, 8.0], [2.0, 16.0, 9.0, 3.0, 8.0], [2.0, 9.0, 3.0, 8.0]]-
2.0-8.0-[[2.0, 3.0, 8.0], [2.0, 9.0, 8.0], [2.0, 16.0, 9.0, 8.0], [2.0, 16.0, 9.0, 3.0, 8.0], [2.0, 9.0, 3.0, 8.0]]-
2.0-9.0-[[2.0, 9.0], [2.0, 16.0, 9.0], [2.0, 3.0, 9.0], [2.0, 3.0, 8.0, 9.0]]-
2.0-9.0-[[2.0, 9.0], [2.0, 16.0, 9.0], [2.0, 3.0, 9.0], [2.0, 3.0, 8.0, 9.0]]-
2.0-9.0-[[2.0, 9.0], [2.0, 16.0, 9.0], [2.0, 3.0, 9.0], [2.0, 3.0, 8.0, 9.0]]-
2.0-9.0-[[2.0, 9.0], [2.0, 16.0, 9.0], [2.0, 3.0, 9.0], [2.0, 3.0, 8.0, 9.0]]-
2.0-16.0-[[2.0, 16.0], [2.0, 9.0, 16.0], [2.0, 3.0, 9.0, 16.0], [2.0, 3.0, 8.0, 9.0, 16.0]]-
2.0-16.0-[[2.0, 16.0], [2.0, 9.0, 16.0], [2.0, 3.0, 9.0, 16.0], [2.0, 3.0, 8.0, 9.0, 16.0]]-
2.0-16.0-[[2.0, 16.0], [2.0, 9.0, 16.0], [2.0, 3.0, 9.0, 16.0], [2.0, 3.0, 8.0, 9.0, 16.0]]-
2.0-16.0-[[2.0, 16.0], [2.0, 9.0, 16.0], [2.0, 3.0, 9.0, 16.0], [2.0, 3.0, 8.0, 9.0, 16.0]]-
3.0-2.0-[[3.0, 2.0], [3.0, 9.0, 16.0, 2.0], [3.0, 9.0, 2.0], [3.0, 8.0, 9.0, 16.0, 2.0], [3.0, 8.0, 9.0, 2.0]]-
3.0-2.0-[[3.0, 2.0], [3.0, 9.0, 16.0, 2.0], [3.0, 9.0, 2.0], [3.0, 8.0, 9.0, 16.0, 2.0], [3.0, 8.0, 9.0, 2.0]]-
3.0-2.0-[[3.0, 2.0], [3.0, 9.0, 16.0, 2.0], [3.0, 9.0, 2.0], [3.0, 8.0, 9.0, 16.0, 2.0], [3.0, 8.0, 9.0, 2.0]]-
3.0-2.0-[[3.0, 2.0], [3.0, 9.0, 16.0, 2.0], [3.0, 9.0, 2.0], [3.0, 8.0, 9.0, 16.0, 2.0], [3.0, 8.0, 9.0, 2.0]]-
3.0-2.0-[[3.0, 2.0], [3.0, 9.0, 16.0, 2.0], [3.0, 9.0, 2.0], [3.0, 8.0, 9.0, 16.0, 2.0], [3.0, 8.0, 9.0, 2.0]]-
3.0-8.0-[[3.0, 8.0], [3.0, 9.0, 8.0], [3.0, 2.0, 16.0, 9.0, 8.0], [3.0, 2.0, 9.0, 8.0]]-
3.0-8.0-[[3.0, 8.0], [3.0, 9.0, 8.0], [3.0, 2.0, 16.0, 9.0, 8.0], [3.0, 2.0, 9.0, 8.0]]-
3.0-8.0-[[3.0, 8.0], [3.0, 9.0, 8.0], [3.0, 2.0, 16.0, 9.0, 8.0], [3.0, 2.0, 9.0, 8.0]]-
3.0-8.0-[[3.0, 8.0], [3.0, 9.0, 8.0], [3.0, 2.0, 16.0, 9.0, 8.0], [3.0, 2.0, 9.0, 8.0]]-
3.0-9.0-[[3.0, 9.0], [3.0, 8.0, 9.0], [3.0, 2.0, 16.0, 9.0], [3.0, 2.0, 9.0]]-
3.0-9.0-[[3.0, 9.0], [3.0, 8.0, 9.0], [3.0, 2.0, 16.0, 9.0], [3.0, 2.0, 9.0]]-
3.0-9.0-[[3.0, 9.0], [3.0, 8.0, 9.0], [3.0, 2.0, 16.0, 9.0], [3.0, 2.0, 9.0]]-
3.0-9.0-[[3.0, 9.0], [3.0, 8.0, 9.0], [3.0, 2.0, 16.0, 9.0], [3.0, 2.0, 9.0]]-
3.0-16.0-[[3.0, 2.0, 16.0], [3.0, 9.0, 16.0], [3.0, 9.0, 2.0, 16.0], [3.0, 8.0, 9.0, 16.0], [3.0, 8.0, 9.0, 2.0, 16.0]]-
3.0-16.0-[[3.0, 2.0, 16.0], [3.0, 9.0, 16.0], [3.0, 9.0, 2.0, 16.0], [3.0, 8.0, 9.0, 16.0], [3.0, 8.0, 9.0, 2.0, 16.0]]-
3.0-16.0-[[3.0, 2.0, 16.0], [3.0, 9.0, 16.0], [3.0, 9.0, 2.0, 16.0], [3.0, 8.0, 9.0, 16.0], [3.0, 8.0, 9.0, 2.0, 16.0]]-
3.0-16.0-[[3.0, 2.0, 16.0], [3.0, 9.0, 16.0], [3.0, 9.0, 2.0, 16.0], [3.0, 8.0, 9.0, 16.0], [3.0, 8.0, 9.0, 2.0, 16.0]]-
3.0-16.0-[[3.0, 2.0, 16.0], [3.0, 9.0, 16.0], [3.0, 9.0, 2.0, 16.0], [3.0, 8.0, 9.0, 16.0], [3.0, 8.0, 9.0, 2.0, 16.0]]-
8.0-2.0-[[8.0, 3.0, 2.0], [8.0, 9.0, 2.0], [8.0, 9.0, 16.0, 2.0], [8.0, 9.0, 3.0, 2.0], [8.0, 3.0, 9.0, 16.0, 2.0]]-
8.0-2.0-[[8.0, 3.0, 2.0], [8.0, 9.0, 2.0], [8.0, 9.0, 16.0, 2.0], [8.0, 9.0, 3.0, 2.0], [8.0, 3.0, 9.0, 16.0, 2.0]]-
8.0-2.0-[[8.0, 3.0, 2.0], [8.0, 9.0, 2.0], [8.0, 9.0, 16.0, 2.0], [8.0, 9.0, 3.0, 2.0], [8.0, 3.0, 9.0, 16.0, 2.0]]-
8.0-2.0-[[8.0, 3.0, 2.0], [8.0, 9.0, 2.0], [8.0, 9.0, 16.0, 2.0], [8.0, 9.0, 3.0, 2.0], [8.0, 3.0, 9.0, 16.0, 2.0]]-
8.0-2.0-[[8.0, 3.0, 2.0], [8.0, 9.0, 2.0], [8.0, 9.0, 16.0, 2.0], [8.0, 9.0, 3.0, 2.0], [8.0, 3.0, 9.0, 16.0, 2.0]]-
8.0-3.0-[[8.0, 3.0], [8.0, 9.0, 16.0, 2.0, 3.0], [8.0, 9.0, 3.0], [8.0, 9.0, 2.0, 3.0]]-
8.0-3.0-[[8.0, 3.0], [8.0, 9.0, 16.0, 2.0, 3.0], [8.0, 9.0, 3.0], [8.0, 9.0, 2.0, 3.0]]-
8.0-3.0-[[8.0, 3.0], [8.0, 9.0, 16.0, 2.0, 3.0], [8.0, 9.0, 3.0], [8.0, 9.0, 2.0, 3.0]]-
8.0-3.0-[[8.0, 3.0], [8.0, 9.0, 16.0, 2.0, 3.0], [8.0, 9.0, 3.0], [8.0, 9.0, 2.0, 3.0]]-
8.0-9.0-[[8.0, 9.0], [8.0, 3.0, 9.0], [8.0, 3.0, 2.0, 16.0, 9.0], [8.0, 3.0, 2.0, 9.0]]-
8.0-9.0-[[8.0, 9.0], [8.0, 3.0, 9.0], [8.0, 3.0, 2.0, 16.0, 9.0], [8.0, 3.0, 2.0, 9.0]]-
8.0-9.0-[[8.0, 9.0], [8.0, 3.0, 9.0], [8.0, 3.0, 2.0, 16.0, 9.0], [8.0, 3.0, 2.0, 9.0]]-
8.0-9.0-[[8.0, 9.0], [8.0, 3.0, 9.0], [8.0, 3.0, 2.0, 16.0, 9.0], [8.0, 3.0, 2.0, 9.0]]-
8.0-16.0-[[8.0, 9.0, 16.0], [8.0, 9.0, 3.0, 2.0, 16.0], [8.0, 9.0, 2.0, 16.0], [8.0, 3.0, 9.0, 16.0], [8.0, 3.0, 9.0, 2.0, 16.0]]-
8.0-16.0-[[8.0, 9.0, 16.0], [8.0, 9.0, 3.0, 2.0, 16.0], [8.0, 9.0, 2.0, 16.0], [8.0, 3.0, 9.0, 16.0], [8.0, 3.0, 9.0, 2.0, 16.0]]-
8.0-16.0-[[8.0, 9.0, 16.0], [8.0, 9.0, 3.0, 2.0, 16.0], [8.0, 9.0, 2.0, 16.0], [8.0, 3.0, 9.0, 16.0], [8.0, 3.0, 9.0, 2.0, 16.0]]-
8.0-16.0-[[8.0, 9.0, 16.0], [8.0, 9.0, 3.0, 2.0, 16.0], [8.0, 9.0, 2.0, 16.0], [8.0, 3.0, 9.0, 16.0], [8.0, 3.0, 9.0, 2.0, 16.0]]-
8.0-16.0-[[8.0, 9.0, 16.0], [8.0, 9.0, 3.0, 2.0, 16.0], [8.0, 9.0, 2.0, 16.0], [8.0, 3.0, 9.0, 16.0], [8.0, 3.0, 9.0, 2.0, 16.0]]-
9.0-2.0-[[9.0, 2.0], [9.0, 16.0, 2.0], [9.0, 8.0, 3.0, 2.0], [9.0, 3.0, 2.0]]-
9.0-2.0-[[9.0, 2.0], [9.0, 16.0, 2.0], [9.0, 8.0, 3.0, 2.0], [9.0, 3.0, 2.0]]-
9.0-2.0-[[9.0, 2.0], [9.0, 16.0, 2.0], [9.0, 8.0, 3.0, 2.0], [9.0, 3.0, 2.0]]-
9.0-2.0-[[9.0, 2.0], [9.0, 16.0, 2.0], [9.0, 8.0, 3.0, 2.0], [9.0, 3.0, 2.0]]-
9.0-3.0-[[9.0, 3.0], [9.0, 16.0, 2.0, 3.0], [9.0, 8.0, 3.0], [9.0, 2.0, 3.0]]-
9.0-3.0-[[9.0, 3.0], [9.0, 16.0, 2.0, 3.0], [9.0, 8.0, 3.0], [9.0, 2.0, 3.0]]-
9.0-3.0-[[9.0, 3.0], [9.0, 16.0, 2.0, 3.0], [9.0, 8.0, 3.0], [9.0, 2.0, 3.0]]-
9.0-3.0-[[9.0, 3.0], [9.0, 16.0, 2.0, 3.0], [9.0, 8.0, 3.0], [9.0, 2.0, 3.0]]-
9.0-8.0-[[9.0, 8.0], [9.0, 16.0, 2.0, 3.0, 8.0], [9.0, 3.0, 8.0], [9.0, 2.0, 3.0, 8.0]]-
9.0-8.0-[[9.0, 8.0], [9.0, 16.0, 2.0, 3.0, 8.0], [9.0, 3.0, 8.0], [9.0, 2.0, 3.0, 8.0]]-
9.0-8.0-[[9.0, 8.0], [9.0, 16.0, 2.0, 3.0, 8.0], [9.0, 3.0, 8.0], [9.0, 2.0, 3.0, 8.0]]-
9.0-8.0-[[9.0, 8.0], [9.0, 16.0, 2.0, 3.0, 8.0], [9.0, 3.0, 8.0], [9.0, 2.0, 3.0, 8.0]]-
9.0-16.0-[[9.0, 16.0], [9.0, 8.0, 3.0, 2.0, 16.0], [9.0, 3.0, 2.0, 16.0], [9.0, 2.0, 16.0]]-
9.0-16.0-[[9.0, 16.0], [9.0, 8.0, 3.0, 2.0, 16.0], [9.0, 3.0, 2.0, 16.0], [9.0, 2.0, 16.0]]-
9.0-16.0-[[9.0, 16.0], [9.0, 8.0, 3.0, 2.0, 16.0], [9.0, 3.0, 2.0, 16.0], [9.0, 2.0, 16.0]]-
9.0-16.0-[[9.0, 16.0], [9.0, 8.0, 3.0, 2.0, 16.0], [9.0, 3.0, 2.0, 16.0], [9.0, 2.0, 16.0]]-
16.0-2.0-[[16.0, 2.0], [16.0, 9.0, 8.0, 3.0, 2.0], [16.0, 9.0, 3.0, 2.0], [16.0, 9.0, 2.0]]-
16.0-2.0-[[16.0, 2.0], [16.0, 9.0, 8.0, 3.0, 2.0], [16.0, 9.0, 3.0, 2.0], [16.0, 9.0, 2.0]]-
16.0-2.0-[[16.0, 2.0], [16.0, 9.0, 8.0, 3.0, 2.0], [16.0, 9.0, 3.0, 2.0], [16.0, 9.0, 2.0]]-
16.0-2.0-[[16.0, 2.0], [16.0, 9.0, 8.0, 3.0, 2.0], [16.0, 9.0, 3.0, 2.0], [16.0, 9.0, 2.0]]-
16.0-3.0-[[16.0, 2.0, 3.0], [16.0, 9.0, 3.0], [16.0, 9.0, 8.0, 3.0], [16.0, 9.0, 2.0, 3.0], [16.0, 2.0, 9.0, 8.0, 3.0]]-
16.0-3.0-[[16.0, 2.0, 3.0], [16.0, 9.0, 3.0], [16.0, 9.0, 8.0, 3.0], [16.0, 9.0, 2.0, 3.0], [16.0, 2.0, 9.0, 8.0, 3.0]]-
16.0-3.0-[[16.0, 2.0, 3.0], [16.0, 9.0, 3.0], [16.0, 9.0, 8.0, 3.0], [16.0, 9.0, 2.0, 3.0], [16.0, 2.0, 9.0, 8.0, 3.0]]-
16.0-3.0-[[16.0, 2.0, 3.0], [16.0, 9.0, 3.0], [16.0, 9.0, 8.0, 3.0], [16.0, 9.0, 2.0, 3.0], [16.0, 2.0, 9.0, 8.0, 3.0]]-
16.0-3.0-[[16.0, 2.0, 3.0], [16.0, 9.0, 3.0], [16.0, 9.0, 8.0, 3.0], [16.0, 9.0, 2.0, 3.0], [16.0, 2.0, 9.0, 8.0, 3.0]]-
16.0-8.0-[[16.0, 9.0, 8.0], [16.0, 9.0, 3.0, 8.0], [16.0, 9.0, 2.0, 3.0, 8.0], [16.0, 2.0, 9.0, 8.0], [16.0, 2.0, 9.0, 3.0, 8.0]]-
16.0-8.0-[[16.0, 9.0, 8.0], [16.0, 9.0, 3.0, 8.0], [16.0, 9.0, 2.0, 3.0, 8.0], [16.0, 2.0, 9.0, 8.0], [16.0, 2.0, 9.0, 3.0, 8.0]]-
16.0-8.0-[[16.0, 9.0, 8.0], [16.0, 9.0, 3.0, 8.0], [16.0, 9.0, 2.0, 3.0, 8.0], [16.0, 2.0, 9.0, 8.0], [16.0, 2.0, 9.0, 3.0, 8.0]]-
16.0-8.0-[[16.0, 9.0, 8.0], [16.0, 9.0, 3.0, 8.0], [16.0, 9.0, 2.0, 3.0, 8.0], [16.0, 2.0, 9.0, 8.0], [16.0, 2.0, 9.0, 3.0, 8.0]]-
16.0-8.0-[[16.0, 9.0, 8.0], [16.0, 9.0, 3.0, 8.0], [16.0, 9.0, 2.0, 3.0, 8.0], [16.0, 2.0, 9.0, 8.0], [16.0, 2.0, 9.0, 3.0, 8.0]]-
16.0-9.0-[[16.0, 9.0], [16.0, 2.0, 9.0], [16.0, 2.0, 3.0, 9.0], [16.0, 2.0, 3.0, 8.0, 9.0]]-
16.0-9.0-[[16.0, 9.0], [16.0, 2.0, 9.0], [16.0, 2.0, 3.0, 9.0], [16.0, 2.0, 3.0, 8.0, 9.0]]-
16.0-9.0-[[16.0, 9.0], [16.0, 2.0, 9.0], [16.0, 2.0, 3.0, 9.0], [16.0, 2.0, 3.0, 8.0, 9.0]]-
16.0-9.0-[[16.0, 9.0], [16.0, 2.0, 9.0], [16.0, 2.0, 3.0, 9.0], [16.0, 2.0, 3.0, 8.0, 9.0]]-
